Матрица термы-на-документы
[[1, 1, 0, 0, 0, 0, 0, 0, 0], '20']
[[0, 1, 0, 0, 0, 0, 0, 0, 0], 'xv']
[[0, 1, 1, 0, 0, 0, 0, 0, 0], 'америк']
[[1, 0, 1, 0, 1, 0, 0, 0, 0], 'ацтек']
[[1, 0, 0, 0, 0, 1, 0, 0, 1], 'ацтекск']
[[0, 0, 0, 0, 0, 0, 2, 0, 0], 'бактер']
[[0, 0, 1, 1, 0, 3, 1, 0, 1], 'болезн']
[[0, 0, 0, 0, 0, 1, 0, 0, 1], 'брюшн']
[[0, 1, 1, 0, 0, 0, 0, 1, 0], 'век']
[[1, 1, 0, 0, 0, 0, 0, 0, 0], 'говор']
[[0, 0, 2, 1, 0, 0, 0, 0, 0], 'год']
[[0, 0, 0, 0, 0, 0, 2, 0, 0], 'днк']
[[0, 0, 0, 0, 0, 0, 0, 0, 1], 'европ']
[[0, 1, 1, 1, 0, 0, 1, 0, 0], 'европейск']
[[0, 0, 1, 0, 0, 1, 0, 1, 0], 'жител']
[[1, 0, 0, 0, 1, 0, 0, 0, 0], 'завоеван']
[[1, 0, 0, 0, 0, 0, 0, 0, 1], 'изз']
[[0, 0, 0, 1, 0, 0, 1, 0, 0], 'изуч']
[[0, 0, 1, 0, 1, 1, 0, 0, 1], 'импер']
[[0, 0, 0, 0, 0, 0, 0, 1, 0], 'инд']
[[1, 2, 0, 1, 0, 0, 0, 1, 1], 'индейц']
[[0, 0, 1, 0, 0, 0, 0, 1, 1], 'инфекц']
[[0, 0, 1, 0, 1, 0, 0, 0, 0], 'испанц']
[[0, 1, 0, 1, 0, 0, 0, 0, 0], 'истор']
[[1, 0, 0, 0, 1, 0, 0, 0, 0], 'исчезл']
[[0, 0, 0, 0, 0, 1, 0, 0, 1], 'коклицтл']
[[0, 0, 0, 1, 0, 0, 1, 0, 0], 'коллег']
[[0, 1, 0, 0, 0, 0, 0, 1, 0], 'колумб']
[[1, 1, 1, 0, 0, 0, 0, 0, 0], 'конкистадор']
[[1, 0, 0, 0, 0, 0, 0, 1, 0], 'кортес']
[[0, 0, 0, 1, 0, 0, 1, 0, 0], 'крауз']
[[0, 0, 0, 1, 2, 0, 0, 0, 0], 'культур']
[[1, 0, 0, 0, 1, 0, 0, 0, 0], 'лет']
[[0, 0, 0, 0, 0, 0, 0, 1, 1], 'летальн']
[[0, 0, 0, 1, 0, 0, 0, 1, 0], 'люд']
[[1, 0, 0, 1, 1, 0, 0, 0, 1], 'мексик']
[[0, 0, 0, 0, 0, 1, 0, 0, 0], 'местн']
[[0, 0, 0, 0, 2, 1, 1, 0, 0], 'миштек']
[[0, 0, 2, 0, 0, 0, 0, 0, 0], 'населен']
[[0, 0, 1, 0, 0, 1, 0, 0, 0], 'начин']
[[0, 1, 0, 1, 0, 0, 0, 0, 0], 'нов']
[[0, 1, 0, 0, 0, 0, 0, 0, 0], 'оста']
[[0, 0, 0, 1, 0, 0, 1, 0, 0], 'останк']
[[0, 0, 1, 0, 0, 0, 0, 0, 0], 'пер']
[[0, 0, 0, 0, 2, 1, 0, 0, 1], 'плем']
[[0, 0, 0, 0, 0, 1, 0, 1, 0], 'погуб']
[[0, 1, 0, 1, 0, 0, 0, 0, 0], 'популяц']
[[0, 0, 1, 0, 0, 0, 0, 1, 0], 'примерн']
[[0, 1, 0, 0, 0, 0, 0, 0, 1], 'проникновен']
[[0, 0, 0, 0, 0, 0, 0, 1, 0], 'путешеств']
[[0, 0, 0, 0, 1, 0, 0, 0, 1], 'развит']
[[1, 0, 0, 0, 0, 0, 1, 1, 1], 'сальмонелл']
[[0, 1, 0, 1, 0, 0, 0, 0, 0], 'свет']
[[0, 0, 0, 0, 1, 0, 0, 0, 0], 'селен']
[[0, 0, 0, 0, 0, 1, 0, 0, 1], 'тиф']
[[1, 0, 0, 0, 0, 0, 0, 0, 0], 'уб']
[[0, 0, 0, 0, 0, 1, 0, 0, 0], 'упомина']
[[0, 1, 0, 0, 0, 1, 1, 0, 1], 'учен']
[[0, 0, 0, 0, 0, 1, 0, 0, 0], 'част']
[[1, 0, 0, 0, 0, 1, 1, 0, 0], 'эпидем']
Координаты термов
[-0.1189602  -0.24642158 -0.02901633]20
[-0.05579853 -0.10055264 -0.1174341 ]xv
[-0.04415724 -0.04373853 -0.13602863]америк
[-0.07669312 -0.05735302  0.00234189]ацтек
[ 0.17158286 -0.19000264  0.04454247]ацтекск
[-0.05540523  0.07894904 -0.19909187]бактер
[ 0.49017248  0.14371153  0.1924559 ]болезн
[ 0.23474452 -0.04413369 -0.0438753 ]брюшн
[-0.19315981  0.14111574 -0.15661722]век
[-0.1189602  -0.24642158 -0.02901633]говор
[ 0.04219004  0.12775287  0.25442332]год
[-0.05540523  0.07894904 -0.19909187]днк
[ 0.1084536  -0.08284966 -0.07530494]европ
[-0.05295241  0.00986065  0.05603781]европейск
[-0.01107036  0.28038434 -0.00775347]жител
[-0.08833442 -0.11416713  0.02093642]завоеван
[ 0.04529194 -0.2287186   0.01311283]изз
[-0.00879517  0.05359918  0.19206644]изуч
[ 0.22121306  0.04438223 -0.12995118]импер
[-0.14900257  0.18485427 -0.02058859]инд
[-0.19640026 -0.23084495  0.04926841]индейц
[-0.02890768  0.15881872 -0.11448805]инфекц
[-0.01353146  0.08851592 -0.08607588]испанц
[-0.03689109 -0.08642798  0.17417827]истор
[-0.08833442 -0.11416713  0.02093642]исчезл
[ 0.23474452 -0.04413369 -0.0438753 ]коклицтл
[-0.00879517  0.05359918  0.19206644]коллег
[-0.20480111  0.08430163 -0.13802269]колумб
[-0.1073189  -0.18960748 -0.04761086]конкистадор
[-0.21216424  0.03898533  0.06782918]кортес
[-0.00879517  0.05359918  0.19206644]крауз
[-0.03143807  0.0775283   0.15664967]культур
[-0.08833442 -0.11416713  0.02093642]лет
[-0.04054897  0.10200461 -0.09589353]летальн
[-0.13009513  0.19897893  0.27102379]люд
[ 0.03902663 -0.18289212  0.23724385]мексик
[ 0.12629092  0.03871596  0.03142964]местн
[ 0.04824279  0.14159412 -0.203079  ]миштек
[ 0.02328259  0.11362821 -0.03718905]населен
[ 0.13793221  0.09553007  0.01283511]начин
[-0.03689109 -0.08642798  0.17417827]нов
[-0.05579853 -0.10055264 -0.1174341 ]оста
[-0.00879517  0.05359918  0.19206644]останк
[ 0.0116413   0.05681411 -0.01859453]пер
[ 0.184399    0.01926994 -0.17883801]плем
[-0.02271166  0.22357024  0.01084105]погуб
[-0.03689109 -0.08642798  0.17417827]популяц
[-0.13736128  0.24166838 -0.03918311]примерн
[ 0.05265507 -0.1834023  -0.19273904]проникновен
[-0.14900257  0.18485427 -0.02058859]путешеств
[ 0.08328084 -0.05114784 -0.14278629]развит
[-0.13141325 -0.00438981 -0.10702169]сальмонелл
[-0.03689109 -0.08642798  0.17417827]свет
[-0.02517276  0.03170182 -0.06748135]селен
[ 0.23474452 -0.04413369 -0.0438753 ]тиф
[-0.06316166 -0.14586894  0.08841777]уб
[ 0.12629092  0.03871596  0.03142964]упомина
[ 0.15124337 -0.10521181 -0.26085534]учен
[ 0.12629092  0.03871596  0.03142964]част
[ 0.03542664 -0.06767846  0.02030148]эпидем
Координаты документов
[ 0.35597211  0.23428216 -0.38213077]Doc#1
[ 0.70350941 -0.21027468 -0.38721421]Doc#2
[ 0.05936461  0.60791226  0.15566251]Doc#3
[-0.10719315 -0.34633356  0.10669372]Doc#4
[ 0.13432237 -0.35172459  0.40729071]Doc#5
[ 0.22307862 -0.00718053 -0.03737158]Doc#6
[-0.34196325  0.36522901 -0.34460993]Doc#7
[-0.25978316 -0.20767062 -0.52084297]Doc#8
[  1.19726056e-17   1.19726056e-17   1.19726056e-17]Doc#9
{'жител', 'мексик', 'колумб', 'инд', 'люд', 'культур', 'популяц', 'кортес', 'изз', 'индейц', 'нов', 'примерн', 'учен', 'истор', 'оста', 'ацтекск', 'погуб', 'говор', 'плем', 'уб', 'развит', 'конкистадор', 'болезн', '20', 'эпидем', 'бактер', 'днк', 'тиф', 'xv', 'коклицтл', 'год', 'век', 'начин', 'брюшн'}