Матрица термы-на-документы
[[0, 0, 1, 1, 0, 0, 0], '10']
[[0, 2, 0, 1, 0, 0, 0], '11']
[[0, 0, 0, 1, 0, 1, 0], '12']
[[0, 0, 0, 4, 0, 0, 0], '128']
[[0, 0, 0, 0, 0, 2, 0], '15']
[[0, 0, 0, 0, 0, 1, 0], '19']
[[0, 0, 0, 1, 0, 0, 0], '1m']
[[0, 0, 0, 1, 0, 0, 0], '1n']
[[0, 0, 0, 0, 0, 1, 0], '1выбра']
[[0, 0, 0, 0, 0, 1, 0], '1на']
[[0, 1, 0, 0, 0, 0, 0], '1так']
[[0, 0, 2, 0, 0, 0, 0], '21']
[[0, 0, 1, 0, 0, 0, 0], '22']
[[0, 0, 0, 0, 0, 1, 0], '23']
[[0, 0, 0, 2, 0, 0, 0], '256']
[[0, 0, 0, 0, 0, 1, 0], '27']
[[0, 1, 0, 0, 0, 1, 0], '2в']
[[0, 0, 0, 0, 0, 2, 0], '2след']
[[0, 0, 0, 0, 0, 1, 0], '300']
[[0, 0, 0, 2, 0, 0, 0], '31']
[[0, 0, 0, 0, 2, 0, 0], '41']
[[0, 0, 0, 0, 1, 0, 0], '42']
[[0, 0, 0, 0, 1, 0, 0], '45']
[[0, 0, 0, 1, 0, 0, 0], '500']
[[0, 0, 0, 0, 0, 2, 0], '51']
[[0, 0, 0, 0, 0, 2, 0], '52']
[[0, 0, 0, 0, 0, 2, 0], '53']
[[0, 0, 0, 0, 0, 4, 0], '54']
[[0, 0, 0, 1, 0, 0, 0], '5l']
[[0, 0, 0, 0, 0, 1, 0], '6так']
[[0, 0, 0, 0, 0, 1, 0], '91']
[[0, 0, 0, 2, 0, 0, 0], 'a1i']
[[0, 0, 0, 4, 0, 0, 0], 'aes']
[[0, 0, 0, 2, 0, 0, 0], 'aki']
[[0, 0, 0, 1, 0, 0, 0], 'b1i']
[[0, 0, 0, 1, 0, 0, 0], 'b1it']
[[0, 0, 0, 2, 0, 0, 0], 'bki']
[[0, 0, 0, 1, 0, 0, 0], 'cij']
[[0, 0, 1, 0, 1, 0, 0], 'cresult']
[[0, 0, 1, 0, 2, 0, 0], 'd']
[[0, 0, 0, 0, 2, 0, 0], 'docs']
[[0, 0, 1, 0, 1, 0, 0], 'documenttxt']
[[0, 0, 1, 0, 1, 0, 0], 'e']
[[0, 0, 0, 0, 1, 0, 0], 'f']
[[0, 0, 0, 3, 1, 0, 0], 'filecryptor']
[[0, 0, 0, 0, 1, 0, 0], 'fitdocs']
[[0, 0, 0, 0, 2, 0, 0], 'fitterms']
[[0, 2, 0, 0, 0, 0, 0], 'google']
[[0, 0, 0, 1, 0, 0, 0], 'h']
[[0, 0, 0, 1, 0, 0, 0], 'hashlib']
[[0, 0, 0, 4, 0, 0, 0], 'ide']
[[0, 0, 0, 1, 0, 0, 0], 'j']
[[0, 0, 0, 1, 0, 0, 0], 'k2']
[[0, 0, 1, 0, 0, 0, 0], 'linux']
[[0, 0, 0, 0, 1, 0, 0], 'lsa']
[[0, 0, 0, 2, 0, 0, 0], 'mn']
[[0, 0, 0, 1, 0, 0, 0], 'ndoc']
[[0, 0, 0, 1, 0, 0, 0], 'nterm']
[[0, 0, 1, 0, 1, 0, 0], 'numpy']
[[0, 0, 0, 2, 3, 0, 0], 'pca']
[[0, 0, 0, 0, 1, 0, 0], 'plotaspca']
[[0, 0, 0, 0, 1, 0, 0], 'plotgraphic']
[[0, 0, 0, 2, 0, 0, 0], 'pycharm']
[[0, 0, 0, 2, 0, 0, 0], 'pycrypto']
[[0, 0, 4, 9, 1, 0, 0], 'python']
[[0, 0, 0, 0, 1, 0, 0], 'removeunique']
[[0, 0, 0, 0, 2, 0, 0], 'rerv']
[[0, 0, 0, 0, 2, 0, 0], 'statictics']
[[0, 0, 0, 0, 3, 0, 0], 'stemmer']
[[0, 0, 0, 2, 0, 0, 0], 'svd']
[[0, 0, 0, 0, 1, 0, 0], 'tablegenerator']
[[0, 0, 0, 0, 1, 0, 0], 'terms']
[[0, 0, 0, 0, 3, 0, 0], 'textprocessor']
[[0, 0, 0, 1, 0, 0, 0], 'uikskvkjt']
[[0, 0, 0, 1, 0, 0, 0], 'usvt']
[[0, 0, 0, 0, 0, 3, 0], 'wikileaks']
[[0, 0, 2, 0, 1, 0, 0], 'windows']
[[0, 0, 0, 0, 0, 1, 0], 'xv']
[[1, 0, 0, 2, 0, 1, 0], 'абзац']
[[0, 0, 0, 2, 0, 2, 0], 'агк']
[[0, 0, 0, 0, 1, 0, 0], 'актив']
[[0, 4, 0, 0, 0, 0, 0], 'актуальн']
[[1, 10, 0, 29, 1, 3, 2], 'алгоритм']
[[0, 0, 0, 0, 0, 3, 0], 'америк']
[[0, 0, 0, 0, 1, 0, 0], 'ан']
[[8, 26, 10, 32, 14, 19, 3], 'анализ']
[[0, 0, 0, 2, 0, 0, 0], 'анализа']
[[0, 1, 0, 0, 0, 0, 0], 'анализир']
[[0, 0, 0, 2, 0, 0, 0], 'аналог']
[[0, 0, 0, 1, 1, 0, 1], 'аналогичн']
[[0, 0, 1, 2, 0, 0, 0], 'английск']
[[0, 0, 3, 0, 0, 0, 0], 'аппаратн']
[[1, 0, 0, 0, 0, 1, 0], 'априорн']
[[0, 0, 0, 0, 4, 0, 0], 'аргумент']
[[0, 0, 0, 0, 0, 2, 0], 'арест']
[[0, 0, 0, 0, 0, 1, 0], 'арестова']
[[1, 2, 0, 0, 0, 0, 0], 'аспект']
[[0, 0, 0, 1, 0, 0, 0], 'ассоциативн']
[[0, 0, 0, 0, 1, 0, 0], 'атаблиц']
[[0, 0, 0, 0, 0, 2, 0], 'ацтекск']
[[0, 0, 0, 4, 0, 0, 0], 'базис']
[[0, 0, 2, 0, 0, 0, 0], 'базов']
[[0, 0, 0, 0, 0, 1, 0], 'бактер']
[[0, 9, 3, 2, 0, 1, 0], 'безопасн']
[[0, 0, 0, 1, 1, 0, 0], 'безусловн']
[[0, 0, 0, 2, 0, 0, 0], 'бесполезн']
[[0, 0, 3, 4, 3, 0, 0], 'библиотек']
[[0, 0, 0, 4, 0, 0, 0], 'бит']
[[0, 0, 0, 1, 0, 4, 0], 'ближ']
[[0, 0, 0, 4, 2, 1, 0], 'ближайш']
[[0, 0, 0, 1, 0, 2, 0], 'близк']
[[0, 0, 0, 2, 0, 0, 0], 'блок']
[[0, 0, 0, 2, 0, 0, 0], 'блочн']
[[0, 0, 0, 0, 0, 2, 0], 'бойкотир']
[[0, 1, 0, 0, 0, 1, 0], 'болеемен']
[[0, 0, 0, 0, 0, 1, 0], 'болезн']
[[1, 2, 1, 5, 0, 5, 0], 'больш']
[[0, 1, 0, 3, 0, 0, 0], 'большинств']
[[0, 1, 0, 0, 0, 0, 0], 'брат']
[[0, 0, 0, 0, 0, 2, 0], 'брюшн']
[[0, 0, 0, 0, 0, 2, 0], 'вагон']
[[0, 0, 0, 5, 0, 2, 0], 'важн']
[[0, 0, 0, 4, 1, 0, 0], 'вариант']
[[0, 0, 0, 1, 0, 0, 0], 'варьирова']
[[0, 0, 0, 0, 1, 0, 0], 'введ']
[[1, 1, 0, 1, 0, 0, 0], 'введен']
[[0, 0, 1, 1, 0, 0, 0], 'ввест']
[[0, 0, 1, 0, 0, 0, 0], 'ввод']
[[0, 0, 0, 1, 0, 0, 0], 'ведт']
[[0, 0, 0, 0, 0, 3, 0], 'везд']
[[0, 1, 0, 0, 0, 4, 0], 'век']
[[0, 1, 0, 16, 0, 0, 0], 'вектор']
[[0, 0, 0, 2, 1, 2, 0], 'велик']
[[0, 0, 0, 0, 0, 3, 0], 'великобритан']
[[0, 0, 0, 0, 0, 1, 0], 'верн']
[[0, 1, 0, 2, 0, 0, 0], 'вероятн']
[[0, 0, 1, 0, 0, 0, 0], 'верс']
[[0, 0, 0, 1, 0, 0, 0], 'вес']
[[0, 0, 1, 6, 1, 0, 0], 'весов']
[[0, 2, 3, 1, 1, 0, 0], 'взаимодейств']
[[0, 1, 0, 1, 0, 0, 0], 'взаимосвяз']
[[0, 0, 0, 3, 0, 0, 0], 'взлом']
[[0, 4, 6, 5, 4, 2, 0], 'вид']
[[0, 0, 1, 0, 0, 2, 0], 'видн']
[[1, 0, 1, 1, 0, 0, 0], 'визуализац']
[[0, 2, 0, 0, 2, 1, 0], 'включ']
[[0, 1, 0, 1, 0, 3, 0], 'включа']
[[0, 0, 0, 2, 1, 0, 0], 'влия']
[[0, 0, 0, 1, 0, 1, 0], 'влиян']
[[0, 1, 0, 1, 0, 1, 0], 'вмест']
[[0, 1, 1, 1, 0, 0, 0], 'внедр']
[[0, 0, 0, 0, 2, 0, 1], 'внедрен']
[[1, 2, 0, 3, 0, 1, 0], 'вниман']
[[0, 0, 0, 1, 0, 1, 0], 'вовс']
[[0, 1, 0, 0, 0, 1, 0], 'вод']
[[0, 3, 2, 3, 3, 3, 3], 'возможн']
[[0, 0, 0, 0, 0, 2, 0], 'вокруг']
[[0, 1, 0, 2, 0, 0, 0], 'вообщ']
[[0, 0, 0, 1, 0, 0, 0], 'воперв']
[[0, 3, 0, 1, 0, 0, 0], 'вопрос']
[[0, 0, 0, 3, 0, 0, 0], 'воспользова']
[[1, 0, 0, 2, 0, 0, 0], 'восприят']
[[0, 1, 0, 1, 0, 1, 1], 'вполн']
[[0, 0, 0, 2, 0, 0, 0], 'вращен']
[[0, 1, 0, 1, 0, 3, 0], 'врем']
[[0, 0, 1, 1, 0, 0, 0], 'времен']
[[0, 0, 0, 0, 0, 7, 0], 'вручен']
[[0, 1, 0, 1, 0, 0, 0], 'вряд']
[[0, 1, 0, 0, 0, 2, 0], 'вс']
[[0, 0, 0, 0, 1, 0, 0], 'вслед']
[[0, 1, 0, 4, 2, 5, 0], 'встреча']
[[0, 0, 0, 3, 1, 0, 0], 'встречаем']
[[0, 0, 0, 2, 0, 2, 0], 'втор']
[[0, 0, 1, 6, 0, 2, 0], 'вход']
[[1, 1, 4, 1, 2, 2, 0], 'входн']
[[0, 0, 1, 3, 0, 1, 0], 'вхожден']
[[0, 1, 0, 5, 0, 0, 0], 'выбира']
[[0, 0, 0, 10, 0, 1, 0], 'выбор']
[[0, 0, 0, 4, 3, 9, 0], 'выборк']
[[0, 5, 0, 7, 0, 3, 0], 'выбра']
[[0, 0, 3, 0, 0, 0, 0], 'вывод']
[[0, 0, 0, 0, 1, 3, 0], 'выгляд']
[[1, 2, 1, 2, 0, 9, 0], 'выдел']
[[1, 1, 1, 1, 1, 3, 0], 'выделен']
[[0, 0, 0, 1, 0, 2, 0], 'выделя']
[[0, 0, 0, 0, 1, 1, 0], 'вынес']
[[0, 0, 1, 1, 3, 0, 1], 'выполн']
[[1, 2, 1, 1, 1, 0, 0], 'выполнен']
[[0, 0, 0, 4, 2, 0, 0], 'выполня']
[[3, 2, 0, 3, 2, 0, 0], 'выражен']
[[0, 0, 0, 0, 0, 1, 0], 'вырос']
[[0, 0, 0, 1, 0, 0, 0], 'высок']
[[0, 3, 0, 3, 0, 1, 0], 'выступа']
[[0, 2, 0, 3, 2, 0, 0], 'выход']
[[1, 0, 3, 0, 1, 1, 0], 'выходн']
[[0, 0, 0, 1, 0, 0, 0], 'вычисл']
[[0, 0, 0, 3, 0, 0, 0], 'вычислен']
[[0, 0, 0, 1, 0, 1, 0], 'выш']
[[1, 1, 0, 0, 0, 1, 0], 'выяв']
[[1, 2, 0, 1, 1, 0, 0], 'выявлен']
[[0, 0, 0, 1, 0, 1, 0], 'гарант']
[[0, 0, 0, 1, 0, 0, 0], 'гарантир']
[[0, 0, 0, 2, 1, 0, 0], 'генерир']
[[0, 0, 0, 1, 0, 0, 0], 'геометрическ']
[[0, 0, 0, 0, 0, 1, 0], 'глав']
[[0, 0, 0, 8, 5, 3, 0], 'главн']
[[0, 0, 0, 0, 1, 0, 0], 'гласн']
[[0, 1, 1, 0, 0, 0, 0], 'глубок']
[[0, 3, 0, 2, 0, 6, 1], 'говор']
[[0, 3, 0, 1, 0, 5, 0], 'год']
[[0, 1, 0, 1, 0, 1, 0], 'горазд']
[[0, 2, 0, 0, 0, 0, 0], 'государствен']
[[0, 0, 0, 1, 0, 0, 0], 'гот']
[[0, 0, 4, 4, 3, 12, 0], 'график']
[[0, 1, 2, 4, 0, 0, 0], 'графическ']
[[0, 0, 2, 5, 0, 25, 0], 'групп']
[[0, 0, 0, 1, 0, 0, 0], 'дава']
[[0, 0, 0, 2, 0, 3, 0], 'дал']
[[0, 1, 0, 0, 0, 1, 0], 'далек']
[[0, 0, 0, 0, 1, 0, 0], 'далк']
[[0, 1, 1, 7, 1, 0, 1], 'дальн']
[[0, 1, 1, 0, 0, 0, 0], 'дальш']
[[6, 9, 9, 15, 9, 12, 0], 'дан']
[[0, 0, 0, 1, 0, 2, 0], 'дат']
[[0, 0, 0, 1, 0, 1, 0], 'две']
[[0, 0, 0, 1, 0, 2, 0], 'двух']
[[0, 0, 0, 1, 0, 0, 0], 'действ']
[[0, 1, 0, 1, 0, 1, 0], 'действительн']
[[0, 2, 0, 1, 1, 1, 0], 'дел']
[[0, 1, 0, 1, 0, 0, 1], 'дела']
[[0, 0, 0, 0, 0, 0, 1], 'демонстрир']
[[0, 1, 0, 2, 1, 1, 0], 'десятк']
[[0, 0, 0, 0, 0, 3, 0], 'деформац']
[[0, 0, 0, 2, 0, 0, 0], 'дешифровк']
[[0, 0, 0, 2, 0, 0, 0], 'диагональн']
[[2, 5, 1, 0, 0, 0, 0], 'дипломн']
[[0, 0, 2, 0, 0, 0, 0], 'диск']
[[0, 0, 0, 1, 0, 0, 0], 'длин']
[[0, 1, 0, 2, 0, 1, 0], 'доб']
[[0, 0, 1, 0, 0, 0, 0], 'добавл']
[[2, 22, 9, 60, 18, 51, 1], 'документ']
[[0, 3, 1, 1, 0, 0, 0], 'документооборот']
[[0, 7, 7, 2, 0, 1, 0], 'должн']
[[0, 0, 3, 5, 1, 0, 0], 'дополнительн']
[[0, 2, 1, 4, 1, 2, 0], 'достаточн']
[[0, 0, 0, 1, 0, 1, 0], 'доступ']
[[0, 1, 0, 1, 0, 6, 0], 'друг']
[[2, 4, 2, 5, 2, 0, 0], 'е']
[[0, 0, 0, 0, 1, 0, 0], 'ев']
[[0, 0, 0, 0, 0, 4, 0], 'европейск']
[[0, 0, 0, 0, 0, 1, 0], 'един']
[[0, 0, 0, 2, 1, 1, 0], 'единствен']
[[0, 0, 0, 0, 1, 0, 0], 'ем']
[[0, 0, 0, 0, 0, 3, 0], 'ес']
[[0, 1, 0, 1, 0, 1, 0], 'естествен']
[[0, 2, 0, 1, 0, 2, 0], 'ещ']
[[0, 0, 0, 0, 0, 2, 0], 'жертв']
[[1, 0, 0, 0, 0, 0, 0], 'жив']
[[0, 0, 0, 0, 0, 3, 0], 'жител']
[[0, 0, 1, 0, 0, 0, 0], 'заверш']
[[0, 0, 1, 1, 0, 0, 0], 'заверша']
[[0, 3, 1, 0, 1, 0, 0], 'завершен']
[[0, 0, 0, 5, 0, 1, 0], 'завис']
[[0, 1, 2, 5, 0, 1, 0], 'зависим']
[[0, 0, 0, 0, 0, 1, 0], 'завоева']
[[0, 0, 0, 0, 0, 1, 0], 'завоеван']
[[0, 0, 0, 0, 0, 4, 0], 'заголовк']
[[0, 0, 0, 3, 0, 0, 0], 'зада']
[[0, 0, 0, 1, 3, 0, 0], 'задан']
[[7, 21, 7, 15, 2, 5, 2], 'задач']
[[0, 1, 0, 0, 0, 0, 0], 'заключ']
[[0, 0, 0, 2, 0, 0, 0], 'заключа']
[[0, 0, 0, 1, 0, 1, 0], 'заключительн']
[[0, 1, 0, 5, 1, 4, 0], 'замет']
[[0, 0, 1, 0, 1, 0, 0], 'записа']
[[0, 0, 1, 2, 1, 0, 0], 'записыва']
[[0, 4, 0, 1, 0, 0, 0], 'запрос']
[[0, 0, 0, 1, 0, 0, 0], 'запуск']
[[0, 1, 1, 0, 0, 0, 0], 'запуска']
[[0, 0, 0, 4, 3, 1, 0], 'зат']
[[0, 3, 1, 6, 1, 0, 0], 'зашифрова']
[[0, 6, 3, 2, 0, 0, 0], 'защищн']
[[0, 1, 0, 0, 0, 0, 0], 'звук']
[[0, 0, 0, 2, 1, 0, 0], 'знак']
[[0, 0, 2, 0, 1, 0, 0], 'знан']
[[0, 0, 0, 0, 0, 1, 0], 'знач']
[[0, 0, 0, 0, 0, 2, 0], 'знача']
[[0, 3, 1, 22, 1, 1, 0], 'значен']
[[0, 3, 0, 2, 0, 4, 0], 'значительн']
[[0, 3, 0, 1, 2, 0, 0], 'и']
[[0, 0, 0, 8, 0, 0, 0], 'ив']
[[0, 0, 0, 1, 0, 0, 0], 'иде']
[[0, 1, 0, 1, 1, 6, 0], 'идт']
[[0, 0, 0, 1, 1, 1, 0], 'избав']
[[0, 0, 0, 3, 0, 0, 0], 'избра']
[[0, 0, 0, 1, 0, 0, 0], 'извест']
[[0, 2, 0, 0, 0, 3, 0], 'известн']
[[0, 0, 0, 0, 0, 2, 0], 'изз']
[[0, 0, 0, 0, 0, 1, 0], 'излож']
[[0, 1, 0, 2, 0, 0, 0], 'изначальн']
[[0, 1, 0, 0, 0, 0, 0], 'изуч']
[[0, 2, 0, 0, 0, 0, 0], 'изучен']
[[0, 0, 0, 2, 0, 0, 0], 'им']
[[0, 0, 0, 2, 0, 0, 0], 'име']
[[0, 1, 2, 4, 0, 0, 0], 'имеет']
[[0, 3, 0, 5, 1, 3, 0], 'имен']
[[0, 0, 3, 3, 0, 1, 0], 'имет']
[[0, 1, 0, 5, 0, 1, 0], 'имеют']
[[1, 0, 0, 3, 1, 2, 0], 'имеющ']
[[0, 0, 0, 0, 0, 2, 0], 'импер']
[[1, 5, 1, 4, 1, 0, 0], 'ин']
[[0, 0, 0, 0, 0, 1, 0], 'инач']
[[0, 0, 0, 0, 0, 2, 0], 'инд']
[[0, 0, 0, 0, 0, 2, 0], 'индейц']
[[0, 0, 1, 2, 0, 0, 0], 'индексируем']
[[0, 0, 0, 4, 0, 0, 0], 'инициализир']
[[0, 2, 2, 3, 0, 2, 0], 'инструмент']
[[3, 4, 0, 0, 0, 0, 0], 'интеллект']
[[0, 1, 0, 0, 0, 0, 0], 'интерес']
[[0, 0, 4, 1, 0, 0, 0], 'интерпретатор']
[[1, 2, 3, 6, 0, 1, 0], 'интерпретац']
[[0, 0, 5, 1, 0, 0, 0], 'интерфейс']
[[3, 9, 3, 3, 2, 0, 0], 'информац']
[[0, 5, 0, 1, 0, 2, 0], 'информацион']
[[0, 0, 0, 3, 0, 5, 0], 'исключ']
[[0, 0, 0, 1, 1, 1, 0], 'исключен']
[[3, 4, 0, 1, 0, 1, 0], 'искусствен']
[[1, 0, 0, 3, 2, 0, 0], 'использ']
[[0, 1, 4, 5, 1, 0, 1], 'использова']
[[0, 3, 5, 1, 2, 1, 0], 'использован']
[[0, 0, 0, 3, 0, 0, 0], 'использу']
[[0, 1, 0, 1, 1, 1, 0], 'используем']
[[0, 1, 0, 0, 0, 0, 0], 'исслед']
[[5, 7, 0, 5, 1, 11, 1], 'исследован']
[[1, 1, 0, 0, 0, 0, 0], 'исследовател']
[[0, 3, 3, 1, 2, 0, 0], 'исследовательск']
[[3, 4, 4, 11, 2, 7, 0], 'исследуем']
[[0, 0, 0, 0, 0, 1, 0], 'истор']
[[0, 0, 0, 0, 0, 1, 0], 'источник']
[[0, 1, 0, 1, 0, 0, 0], 'исход']
[[0, 0, 1, 11, 1, 1, 0], 'исходн']
[[0, 0, 0, 0, 0, 2, 0], 'исчезл']
[[0, 0, 1, 2, 0, 1, 1], 'итог']
[[0, 5, 2, 6, 2, 2, 1], 'итогов']
[[0, 1, 0, 12, 1, 2, 0], 'кажд']
[[0, 1, 0, 2, 0, 0, 0], 'как']
[[0, 0, 0, 1, 0, 1, 0], 'каса']
[[0, 1, 0, 0, 0, 2, 0], 'категор']
[[0, 0, 4, 10, 3, 4, 0], 'качеств']
[[0, 0, 0, 0, 0, 2, 0], 'ки']
[[0, 0, 0, 0, 0, 1, 0], 'киев']
[[0, 0, 1, 3, 10, 0, 0], 'класс']
[[0, 2, 0, 6, 2, 0, 0], 'классификац']
[[0, 0, 1, 8, 2, 0, 0], 'ключ']
[[0, 1, 0, 2, 3, 3, 0], 'ключев']
[[0, 1, 0, 1, 1, 0, 0], 'ко']
[[0, 0, 0, 2, 2, 0, 0], 'код']
[[0, 0, 0, 0, 0, 2, 0], 'коклицтл']
[[1, 2, 1, 10, 0, 5, 0], 'количеств']
[[0, 0, 5, 1, 4, 0, 0], 'команд']
[[0, 0, 2, 0, 2, 0, 0], 'командн']
[[0, 1, 0, 1, 0, 0, 1], 'комплексн']
[[0, 0, 0, 10, 4, 3, 0], 'компонент']
[[0, 0, 0, 2, 0, 0, 0], 'конечн']
[[0, 0, 0, 0, 0, 4, 0], 'конкистадор']
[[0, 1, 0, 1, 0, 1, 0], 'конкретн']
[[0, 0, 0, 1, 0, 0, 0], 'консол']
[[0, 0, 4, 0, 0, 0, 0], 'консольн']
[[0, 0, 0, 4, 0, 1, 0], 'контрол']
[[0, 2, 2, 0, 0, 0, 0], 'конфиденциальн']
[[0, 1, 0, 1, 0, 1, 0], 'конц']
[[0, 0, 0, 2, 1, 0, 0], 'координат']
[[0, 0, 0, 0, 0, 2, 0], 'коротк']
[[0, 0, 0, 1, 0, 1, 0], 'корпус']
[[0, 1, 0, 0, 0, 0, 0], 'корректирова']
[[2, 2, 2, 2, 0, 1, 0], 'корректн']
[[0, 0, 1, 5, 1, 0, 0], 'коэффициент']
[[0, 0, 0, 0, 0, 1, 0], 'кра']
[[0, 1, 0, 4, 0, 0, 0], 'кром']
[[0, 1, 0, 0, 0, 1, 0], 'круг']
[[0, 2, 0, 0, 0, 1, 0], 'крупн']
[[0, 0, 0, 0, 0, 2, 0], 'крушен']
[[0, 0, 0, 0, 0, 3, 0], 'крым']
[[0, 0, 0, 0, 0, 3, 0], 'культур']
[[0, 1, 0, 2, 0, 0, 1], 'курсов']
[[1, 0, 0, 2, 0, 0, 0], 'латентн']
[[4, 6, 3, 8, 3, 2, 1], 'латентносемантическ']
[[0, 0, 0, 2, 0, 0, 0], 'лев']
[[0, 0, 1, 1, 0, 0, 0], 'легк']
[[0, 0, 0, 0, 0, 1, 0], 'леж']
[[0, 0, 0, 0, 0, 1, 0], 'лет']
[[2, 3, 0, 3, 1, 1, 0], 'либ']
[[0, 0, 0, 3, 0, 0, 0], 'линейн']
[[0, 3, 1, 4, 2, 4, 0], 'лиш']
[[0, 0, 0, 3, 0, 1, 0], 'лишн']
[[0, 4, 0, 6, 0, 1, 0], 'лса']
[[0, 0, 0, 1, 0, 0, 0], 'лучш']
[[0, 2, 0, 1, 1, 2, 0], 'люб']
[[0, 0, 0, 1, 0, 1, 0], 'мал']
[[0, 0, 0, 2, 0, 0, 0], 'манипуляц']
[[0, 1, 0, 0, 0, 0, 0], 'масс']
[[0, 1, 0, 0, 3, 0, 0], 'массив']
[[0, 2, 0, 3, 0, 0, 0], 'математическ']
[[0, 0, 0, 0, 0, 1, 0], 'материа']
[[0, 0, 0, 2, 0, 0, 0], 'материал']
[[0, 1, 2, 57, 7, 1, 0], 'матриц']
[[0, 0, 0, 2, 0, 0, 0], 'матрицуa']
[[0, 2, 0, 0, 0, 0, 0], 'машин']
[[0, 0, 0, 0, 0, 2, 0], 'мексик']
[[0, 0, 1, 2, 0, 1, 0], 'мен']
[[0, 1, 0, 1, 0, 0, 0], 'мер']
[[0, 0, 0, 1, 0, 0, 0], 'мерн']
[[0, 0, 1, 0, 0, 0, 0], 'мест']
[[0, 1, 1, 7, 6, 2, 2], 'метод']
[[0, 0, 0, 1, 0, 0, 0], 'метрическ']
[[0, 0, 0, 2, 0, 0, 0], 'миллион']
[[0, 0, 0, 1, 3, 0, 0], 'минимальн']
[[0, 0, 0, 0, 0, 1, 0], 'мир']
[[0, 0, 0, 0, 0, 3, 0], 'миштек']
[[0, 0, 0, 0, 0, 1, 0], 'мног']
[[0, 3, 0, 4, 0, 5, 0], 'множеств']
[[0, 0, 0, 0, 0, 1, 0], 'модел']
[[1, 0, 0, 0, 0, 0, 0], 'моделир']
[[0, 1, 0, 0, 0, 0, 0], 'моделирова']
[[3, 0, 0, 0, 0, 0, 0], 'моделирован']
[[0, 2, 0, 1, 1, 0, 0], 'модул']
[[0, 1, 0, 1, 0, 0, 0], 'мощн']
[[1, 0, 0, 0, 0, 0, 0], 'мышлен']
[[0, 0, 0, 1, 0, 1, 0], 'наблюда']
[[3, 4, 4, 11, 1, 24, 0], 'набор']
[[0, 0, 0, 1, 1, 0, 0], 'наглядн']
[[0, 0, 1, 2, 2, 1, 0], 'нагрузк']
[[0, 0, 2, 1, 1, 0, 0], 'назначен']
[[1, 1, 0, 6, 0, 2, 0], 'называ']
[[1, 3, 1, 8, 1, 1, 0], 'наибол']
[[0, 0, 0, 4, 0, 0, 0], 'наибольш']
[[0, 1, 0, 1, 1, 0, 0], 'наилучш']
[[0, 0, 0, 1, 1, 0, 0], 'наименьш']
[[0, 0, 1, 2, 0, 0, 0], 'накладыва']
[[0, 0, 0, 2, 0, 2, 0], 'налич']
[[0, 0, 0, 2, 0, 1, 0], 'написа']
[[1, 1, 0, 1, 0, 0, 0], 'написан']
[[0, 1, 0, 1, 0, 0, 0], 'направлен']
[[0, 1, 0, 6, 1, 0, 0], 'например']
[[0, 0, 0, 2, 0, 1, 0], 'напрям']
[[0, 1, 1, 0, 0, 0, 0], 'наруш']
[[0, 0, 0, 0, 0, 1, 0], 'насел']
[[0, 0, 0, 0, 0, 1, 0], 'населен']
[[1, 2, 0, 0, 0, 0, 0], 'наскольк']
[[0, 3, 0, 0, 0, 0, 0], 'наук']
[[0, 2, 0, 0, 0, 0, 0], 'науч']
[[0, 0, 0, 2, 0, 0, 0], 'научн']
[[0, 2, 0, 5, 1, 9, 0], 'наход']
[[0, 0, 0, 5, 0, 0, 0], 'нахожден']
[[0, 1, 0, 0, 0, 0, 0], 'начал']
[[0, 0, 0, 0, 0, 2, 0], 'начин']
[[0, 0, 0, 1, 1, 1, 0], 'начина']
[[0, 0, 0, 4, 0, 0, 0], 'небольш']
[[0, 0, 0, 1, 0, 1, 0], 'невозможн']
[[0, 0, 0, 5, 0, 0, 0], 'недостатк']
[[0, 0, 0, 2, 0, 0, 0], 'недостаток']
[[0, 0, 0, 1, 1, 1, 0], 'независим']
[[2, 0, 0, 1, 0, 0, 0], 'нейрон']
[[0, 0, 0, 0, 0, 1, 0], 'некорректн']
[[0, 1, 2, 5, 0, 0, 0], 'некотор']
[[0, 0, 0, 0, 1, 0, 0], 'необход']
[[0, 0, 1, 3, 8, 0, 0], 'необходим']
[[0, 0, 0, 2, 0, 0, 0], 'неплох']
[[0, 1, 0, 2, 1, 1, 0], 'непосредствен']
[[0, 0, 0, 1, 0, 2, 0], 'неравномерн']
[[0, 5, 0, 10, 1, 16, 0], 'нескольк']
[[0, 2, 0, 2, 0, 1, 1], 'несмотр']
[[0, 0, 1, 1, 2, 1, 0], 'несущ']
[[0, 1, 0, 3, 0, 0, 0], 'никак']
[[0, 0, 0, 1, 1, 3, 0], 'нм']
[[0, 0, 0, 0, 0, 6, 0], 'нобелевск']
[[1, 1, 0, 1, 0, 1, 0], 'нов']
[[0, 0, 0, 0, 0, 1, 0], 'новост']
[[0, 0, 0, 0, 0, 3, 0], 'новостн']
[[0, 0, 0, 0, 1, 6, 0], 'номер']
[[0, 0, 0, 2, 0, 0, 0], 'норм']
[[0, 0, 0, 1, 0, 0, 0], 'нормирова']
[[0, 0, 0, 1, 0, 0, 0], 'о']
[[0, 0, 0, 1, 1, 0, 0], 'об']
[[0, 1, 2, 0, 0, 0, 0], 'обеспеч']
[[1, 5, 4, 0, 0, 1, 0], 'обеспечен']
[[0, 2, 1, 1, 0, 0, 0], 'обеспечива']
[[0, 0, 1, 1, 0, 1, 0], 'облада']
[[0, 10, 3, 1, 0, 2, 0], 'област']
[[0, 0, 2, 2, 0, 0, 0], 'облегч']
[[0, 0, 0, 2, 0, 0, 0], 'обоснова']
[[0, 0, 0, 2, 1, 0, 0], 'обоснован']
[[0, 3, 0, 0, 1, 0, 0], 'обрабатыва']
[[1, 6, 8, 6, 3, 0, 1], 'обработк']
[[1, 8, 1, 11, 4, 7, 1], 'образ']
[[0, 0, 0, 0, 0, 2, 0], 'образомрисунок']
[[0, 1, 0, 2, 0, 0, 0], 'обрат']
[[0, 0, 0, 1, 0, 1, 0], 'обраща']
[[0, 0, 0, 0, 0, 1, 0], 'обреза']
[[0, 1, 0, 0, 0, 1, 0], 'обсто']
[[0, 0, 0, 0, 0, 2, 0], 'обусловл']
[[0, 0, 0, 0, 0, 1, 0], 'обуча']
[[1, 0, 0, 2, 0, 0, 0], 'обучаем']
[[0, 2, 0, 3, 0, 1, 0], 'обучен']
[[0, 3, 1, 3, 0, 3, 0], 'общ']
[[1, 1, 0, 3, 0, 0, 0], 'объект']
[[0, 2, 0, 1, 0, 0, 0], 'объективн']
[[0, 1, 0, 8, 0, 3, 0], 'объм']
[[0, 0, 0, 0, 1, 1, 0], 'объмн']
[[0, 2, 0, 0, 1, 0, 0], 'обычн']
[[0, 1, 0, 1, 1, 0, 0], 'обязательн']
[[0, 0, 0, 0, 1, 0, 0], 'ов']
[[0, 1, 1, 0, 0, 0, 0], 'огранич']
[[0, 1, 1, 3, 0, 2, 0], 'ограничен']
[[0, 0, 1, 1, 0, 0, 0], 'ограничива']
[[0, 0, 0, 4, 0, 1, 0], 'одинаков']
[[0, 4, 1, 12, 1, 1, 0], 'однак']
[[0, 0, 0, 0, 0, 1, 0], 'однород']
[[0, 4, 1, 2, 0, 1, 0], 'означа']
[[0, 0, 0, 3, 0, 3, 0], 'оказа']
[[0, 0, 0, 1, 1, 1, 0], 'оказыва']
[[0, 0, 2, 2, 0, 0, 0], 'окн']
[[0, 0, 0, 2, 3, 0, 0], 'окончан']
[[0, 0, 0, 2, 0, 0, 0], 'оператор']
[[0, 0, 0, 6, 3, 0, 0], 'операц']
[[0, 3, 0, 0, 0, 0, 0], 'оперирова']
[[0, 0, 0, 2, 0, 0, 0], 'опир']
[[0, 3, 0, 2, 4, 0, 0], 'описа']
[[0, 1, 0, 4, 3, 0, 0], 'описан']
[[0, 0, 0, 2, 0, 2, 0], 'описыва']
[[1, 6, 0, 4, 0, 5, 0], 'определ']
[[0, 3, 1, 3, 0, 1, 2], 'определен']
[[0, 2, 2, 3, 1, 0, 0], 'определн']
[[1, 1, 1, 6, 0, 1, 0], 'определя']
[[0, 0, 0, 3, 0, 0, 0], 'оптимальн']
[[0, 0, 0, 0, 2, 0, 0], 'опц']
[[0, 3, 0, 1, 1, 0, 0], 'организац']
[[0, 0, 0, 2, 0, 0, 0], 'ориентирова']
[[0, 0, 0, 2, 0, 0, 0], 'ортонормирова']
[[0, 0, 1, 1, 0, 0, 0], 'ос']
[[0, 0, 0, 0, 0, 1, 0], 'осл']
[[1, 2, 0, 0, 0, 0, 0], 'осмыслен']
[[0, 4, 1, 9, 4, 3, 0], 'основ']
[[0, 0, 0, 1, 0, 1, 0], 'основа']
[[0, 1, 1, 1, 0, 0, 0], 'основан']
[[0, 0, 0, 0, 0, 5, 0], 'основател']
[[5, 5, 4, 8, 4, 3, 1], 'основн']
[[0, 0, 0, 1, 0, 1, 0], 'особен']
[[0, 0, 0, 1, 0, 0, 0], 'оста']
[[0, 0, 0, 1, 0, 0, 0], 'остав']
[[0, 2, 0, 0, 0, 0, 0], 'остава']
[[0, 0, 0, 0, 0, 1, 0], 'оставл']
[[0, 0, 0, 1, 1, 0, 0], 'оставля']
[[0, 0, 0, 1, 1, 1, 0], 'остат']
[[0, 1, 0, 0, 0, 0, 0], 'остр']
[[0, 0, 1, 0, 0, 0, 0], 'осуществ']
[[0, 1, 0, 1, 0, 1, 0], 'осуществля']
[[0, 3, 0, 0, 0, 0, 0], 'ответ']
[[0, 0, 1, 1, 3, 0, 0], 'отвеча']
[[2, 4, 3, 2, 0, 8, 0], 'отдельн']
[[0, 0, 0, 0, 0, 1, 0], 'отказа']
[[1, 0, 0, 0, 0, 0, 0], 'откр']
[[0, 0, 0, 1, 0, 1, 0], 'отмет']
[[0, 1, 0, 1, 0, 0, 0], 'отмеч']
[[0, 0, 0, 3, 0, 2, 0], 'относительн']
[[0, 3, 0, 0, 0, 0, 0], 'отношен']
[[0, 0, 0, 2, 0, 2, 0], 'отобра']
[[0, 0, 0, 2, 2, 0, 0], 'отобража']
[[0, 0, 0, 2, 0, 0, 0], 'отображен']
[[1, 1, 2, 6, 0, 1, 0], 'отража']
[[0, 1, 0, 0, 0, 0, 0], 'отсутств']
[[1, 1, 0, 0, 3, 1, 0], 'отчт']
[[0, 0, 1, 0, 0, 0, 0], 'оформл']
[[0, 1, 0, 0, 0, 0, 0], 'оцен']
[[1, 1, 0, 0, 0, 0, 0], 'оценк']
[[0, 1, 0, 0, 0, 3, 0], 'очен']
[[0, 0, 3, 7, 0, 0, 0], 'пакет']
[[0, 0, 4, 0, 3, 0, 0], 'папк']
[[0, 0, 0, 1, 1, 1, 0], 'пар']
[[0, 2, 6, 0, 4, 0, 0], 'параметр']
[[0, 0, 0, 3, 0, 0, 0], 'парол']
[[0, 0, 0, 0, 2, 0, 0], 'парсинг']
[[0, 3, 0, 6, 2, 3, 0], 'перв']
[[0, 0, 1, 1, 0, 0, 0], 'первичн']
[[0, 0, 0, 1, 1, 0, 0], 'передава']
[[0, 0, 1, 0, 1, 0, 0], 'передат']
[[0, 0, 0, 1, 0, 1, 0], 'пересека']
[[0, 1, 0, 8, 0, 1, 0], 'переход']
[[0, 0, 0, 1, 0, 0, 0], 'писа']
[[0, 0, 0, 1, 0, 1, 0], 'план']
[[0, 0, 3, 1, 0, 0, 0], 'планир']
[[0, 0, 0, 1, 0, 0, 0], 'платформ']
[[0, 0, 0, 0, 0, 2, 0], 'плем']
[[0, 0, 0, 0, 1, 0, 0], 'повтор']
[[0, 0, 0, 0, 1, 1, 0], 'повторя']
[[0, 2, 0, 4, 1, 0, 0], 'повыс']
[[0, 0, 0, 2, 0, 0, 0], 'повышен']
[[0, 0, 0, 0, 0, 1, 0], 'погиб']
[[0, 0, 0, 2, 0, 2, 0], 'пода']
[[0, 1, 0, 0, 0, 0, 0], 'подавлен']
[[0, 0, 0, 3, 0, 1, 0], 'подверга']
[[0, 1, 0, 1, 0, 0, 0], 'подвергнут']
[[0, 0, 2, 0, 0, 0, 0], 'подготовк']
[[0, 4, 4, 1, 0, 0, 0], 'поддержива']
[[0, 0, 4, 0, 1, 0, 0], 'подключа']
[[0, 1, 1, 0, 0, 1, 0], 'подлин']
[[0, 0, 0, 1, 0, 1, 0], 'подобн']
[[0, 1, 0, 3, 2, 0, 0], 'подробн']
[[0, 1, 2, 0, 0, 0, 0], 'подсист']
[[0, 0, 2, 0, 0, 0, 0], 'подсистем']
[[0, 0, 0, 0, 0, 1, 0], 'подтвержд']
[[0, 1, 0, 6, 2, 0, 0], 'подход']
[[0, 0, 0, 0, 0, 5, 0], 'поезд']
[[1, 3, 0, 6, 2, 4, 1], 'позвол']
[[0, 14, 4, 8, 2, 2, 1], 'позволя']
[[0, 0, 0, 1, 0, 0, 0], 'позиционир']
[[0, 6, 0, 1, 1, 0, 1], 'поиск']
[[0, 6, 0, 1, 0, 0, 0], 'поисков']
[[0, 3, 0, 0, 0, 0, 0], 'поисковик']
[[0, 0, 1, 0, 0, 0, 0], 'пок']
[[0, 1, 1, 0, 0, 2, 0], 'показа']
[[0, 1, 0, 0, 0, 0, 0], 'показател']
[[0, 0, 0, 0, 0, 1, 0], 'полага']
[[0, 0, 0, 0, 1, 0, 0], 'полез']
[[0, 0, 0, 0, 0, 3, 0], 'полиц']
[[2, 1, 2, 1, 1, 0, 0], 'полн']
[[0, 1, 0, 3, 0, 1, 1], 'полност']
[[0, 2, 0, 1, 0, 1, 0], 'полноцен']
[[0, 0, 0, 2, 0, 0, 0], 'положен']
[[0, 4, 1, 10, 1, 3, 0], 'получ']
[[0, 2, 0, 1, 2, 1, 0], 'получа']
[[5, 5, 1, 6, 4, 0, 0], 'получен']
[[0, 0, 0, 1, 0, 0, 0], 'польз']
[[0, 8, 8, 10, 6, 2, 0], 'пользовател']
[[0, 1, 1, 0, 1, 0, 0], 'пользовательск']
[[0, 0, 0, 1, 0, 0, 0], 'пользу']
[[0, 0, 0, 1, 0, 1, 0], 'помеша']
[[0, 0, 1, 0, 0, 0, 0], 'помещ']
[[0, 0, 0, 0, 2, 0, 0], 'помеща']
[[1, 2, 0, 0, 1, 1, 0], 'помим']
[[0, 0, 1, 0, 0, 0, 0], 'помн']
[[0, 1, 0, 1, 0, 0, 0], 'поможет']
[[0, 2, 1, 6, 2, 1, 1], 'помощ']
[[0, 0, 0, 2, 0, 0, 0], 'понадоб']
[[0, 3, 0, 1, 0, 0, 0], 'понима']
[[2, 4, 0, 0, 0, 0, 0], 'пониман']
[[0, 1, 0, 1, 0, 0, 0], 'поня']
[[0, 1, 0, 0, 0, 0, 0], 'понят']
[[0, 2, 1, 2, 0, 0, 0], 'понятн']
[[0, 0, 0, 0, 0, 2, 0], 'попа']
[[0, 0, 1, 0, 1, 0, 0], 'порог']
[[0, 0, 0, 2, 0, 0, 0], 'порядк']
[[1, 0, 0, 0, 0, 0, 0], 'посвящ']
[[0, 1, 1, 6, 0, 2, 0], 'поскольк']
[[0, 0, 0, 3, 0, 1, 0], 'послед']
[[1, 2, 0, 1, 0, 2, 0], 'последн']
[[0, 0, 1, 3, 1, 0, 0], 'последовательн']
[[0, 0, 0, 0, 0, 1, 0], 'посмотр']
[[0, 0, 0, 1, 0, 1, 0], 'поставл']
[[1, 7, 1, 9, 1, 3, 2], 'поставлен']
[[0, 0, 0, 3, 1, 0, 0], 'постро']
[[0, 0, 0, 4, 2, 1, 0], 'построен']
[[0, 0, 0, 1, 1, 1, 0], 'поступа']
[[0, 0, 0, 0, 0, 1, 0], 'потреб']
[[0, 1, 0, 0, 0, 1, 0], 'похож']
[[0, 0, 0, 1, 0, 0, 0], 'поч']
[[0, 0, 0, 3, 2, 7, 0], 'поэт']
[[0, 0, 1, 2, 0, 1, 0], 'прав']
[[0, 0, 0, 2, 0, 0, 0], 'правил']
[[0, 1, 1, 1, 1, 1, 0], 'правильн']
[[0, 1, 0, 2, 0, 2, 0], 'практическ']
[[0, 0, 0, 1, 1, 0, 0], 'предварительн']
[[0, 1, 0, 1, 0, 0, 1], 'предел']
[[0, 0, 0, 1, 1, 1, 0], 'предлог']
[[0, 1, 0, 0, 0, 0, 0], 'предлож']
[[1, 0, 0, 1, 0, 3, 0], 'предложен']
[[2, 5, 0, 0, 2, 0, 0], 'предмет']
[[0, 7, 1, 1, 1, 2, 1], 'предметн']
[[0, 0, 2, 1, 0, 0, 0], 'предназнач']
[[0, 0, 1, 1, 1, 0, 0], 'предназначен']
[[0, 2, 1, 4, 0, 1, 0], 'предобработк']
[[0, 1, 0, 1, 0, 0, 0], 'предоставля']
[[0, 2, 0, 3, 0, 0, 0], 'предполага']
[[0, 0, 0, 1, 0, 2, 0], 'предположительн']
[[0, 0, 0, 4, 0, 0, 0], 'представ']
[[0, 1, 1, 2, 0, 1, 0], 'представл']
[[0, 2, 1, 3, 0, 0, 0], 'представлен']
[[2, 3, 2, 4, 0, 3, 0], 'представля']
[[0, 0, 2, 0, 0, 0, 0], 'предусмотр']
[[0, 1, 0, 1, 0, 3, 0], 'предыдущ']
[[0, 1, 1, 2, 2, 3, 0], 'прежд']
[[0, 0, 0, 1, 1, 0, 0], 'преимуществ']
[[0, 0, 0, 0, 0, 5, 0], 'прем']
[[0, 0, 0, 4, 1, 0, 0], 'преобразован']
[[0, 0, 0, 2, 1, 0, 0], 'препинан']
[[0, 0, 0, 0, 1, 1, 0], 'преслед']
[[0, 2, 0, 0, 0, 0, 0], 'претендова']
[[0, 0, 0, 2, 0, 0, 0], 'приближен']
[[0, 1, 0, 0, 0, 1, 0], 'привед']
[[0, 0, 1, 0, 1, 0, 0], 'приведн']
[[0, 1, 0, 0, 0, 1, 0], 'привод']
[[0, 1, 0, 0, 0, 0, 0], 'пригод']
[[0, 1, 0, 3, 1, 1, 0], 'пригодн']
[[0, 1, 0, 1, 0, 0, 0], 'призва']
[[0, 0, 0, 1, 0, 0, 0], 'призна']
[[0, 0, 0, 4, 1, 0, 0], 'признак']
[[0, 1, 2, 0, 0, 0, 0], 'прикладн']
[[0, 19, 19, 10, 13, 8, 4], 'приложен']
[[0, 0, 0, 1, 0, 0, 0], 'приложения']
[[0, 0, 0, 3, 0, 0, 0], 'примен']
[[0, 5, 1, 4, 1, 3, 1], 'применен']
[[1, 3, 0, 0, 0, 0, 0], 'применительн']
[[2, 7, 1, 2, 2, 0, 0], 'применя']
[[0, 2, 1, 2, 1, 0, 0], 'пример']
[[0, 0, 0, 2, 0, 1, 0], 'принадлежн']
[[0, 1, 2, 2, 1, 0, 0], 'принима']
[[0, 3, 1, 3, 1, 2, 0], 'принцип']
[[0, 0, 0, 0, 0, 2, 0], 'приня']
[[0, 2, 1, 0, 0, 0, 0], 'принят']
[[0, 1, 0, 0, 0, 1, 0], 'приход']
[[0, 0, 0, 1, 0, 2, 0], 'причин']
[[0, 0, 0, 2, 0, 0, 0], 'пробл']
[[0, 4, 0, 0, 0, 0, 0], 'проблем']
[[0, 0, 0, 2, 0, 0, 1], 'провед']
[[0, 0, 0, 2, 2, 1, 0], 'проведен']
[[0, 0, 0, 1, 0, 0, 0], 'провер']
[[0, 3, 2, 2, 1, 1, 0], 'проверк']
[[0, 1, 1, 0, 0, 0, 0], 'провест']
[[0, 1, 0, 0, 0, 2, 0], 'провод']
[[3, 8, 12, 8, 9, 6, 1], 'программ']
[[0, 0, 0, 3, 0, 0, 0], 'программирован']
[[0, 3, 5, 3, 4, 0, 0], 'программн']
[[0, 0, 0, 1, 0, 0, 0], 'продела']
[[0, 1, 1, 0, 0, 0, 0], 'продемонстрирова']
[[0, 4, 3, 1, 2, 0, 1], 'продукт']
[[0, 4, 2, 1, 2, 0, 2], 'проект']
[[0, 0, 1, 0, 0, 0, 0], 'проектируем']
[[0, 1, 0, 0, 0, 0, 0], 'произвед']
[[0, 0, 0, 2, 1, 0, 0], 'произведен']
[[0, 4, 3, 4, 4, 0, 0], 'производ']
[[0, 0, 0, 0, 0, 2, 0], 'произошл']
[[0, 0, 0, 7, 2, 3, 0], 'происход']
[[0, 2, 1, 2, 0, 1, 0], 'промежуточн']
[[0, 2, 0, 9, 0, 0, 0], 'прост']
[[0, 1, 0, 11, 1, 6, 0], 'пространств']
[[0, 0, 0, 0, 0, 3, 0], 'прот']
[[0, 1, 0, 1, 0, 0, 0], 'процедур']
[[7, 4, 3, 7, 2, 1, 0], 'процесс']
[[0, 0, 0, 1, 1, 0, 0], 'проч']
[[0, 0, 0, 1, 0, 0, 0], 'прощ']
[[0, 3, 0, 0, 1, 3, 0], 'прям']
[[0, 2, 3, 1, 1, 1, 0], 'пут']
[[0, 1, 0, 1, 0, 0, 0], 'путм']
[[4, 19, 10, 19, 9, 5, 3], 'работ']
[[0, 1, 4, 0, 0, 0, 0], 'работа']
[[0, 0, 0, 4, 0, 1, 0], 'равн']
[[0, 0, 0, 1, 0, 0, 0], 'разб']
[[0, 0, 1, 1, 0, 0, 0], 'разбива']
[[0, 0, 0, 2, 0, 0, 0], 'разбиен']
[[1, 1, 0, 0, 0, 0, 0], 'разбит']
[[0, 4, 0, 2, 2, 1, 0], 'раздел']
[[0, 0, 0, 0, 0, 2, 0], 'разделен']
[[0, 0, 0, 1, 0, 0, 0], 'различ']
[[1, 3, 1, 4, 1, 0, 0], 'различн']
[[0, 0, 0, 1, 0, 0, 0], 'разлож']
[[0, 4, 1, 16, 5, 4, 0], 'разложен']
[[0, 0, 0, 5, 0, 1, 0], 'размер']
[[0, 0, 0, 7, 0, 0, 0], 'размерн']
[[0, 0, 0, 1, 1, 3, 0], 'разн']
[[1, 1, 0, 0, 0, 0, 0], 'разновидн']
[[1, 1, 0, 2, 0, 0, 0], 'разнообразн']
[[0, 2, 0, 0, 0, 1, 0], 'разобра']
[[0, 1, 0, 1, 0, 0, 0], 'разрабатыва']
[[0, 1, 1, 0, 0, 2, 0], 'разработа']
[[2, 4, 3, 16, 2, 0, 0], 'разработк']
[[0, 0, 0, 0, 0, 2, 0], 'разреж']
[[0, 0, 0, 0, 0, 1, 0], 'разрешим']
[[0, 1, 0, 0, 0, 0, 0], 'разумеет']
[[0, 5, 0, 1, 1, 2, 0], 'рамк']
[[1, 0, 0, 0, 0, 2, 0], 'ран']
[[0, 0, 0, 2, 0, 0, 0], 'ранг']
[[0, 1, 0, 0, 0, 0, 0], 'распозна']
[[0, 1, 0, 0, 0, 0, 0], 'распознава']
[[2, 3, 0, 1, 0, 0, 0], 'распознаван']
[[0, 0, 0, 1, 0, 10, 0], 'располож']
[[0, 0, 0, 3, 1, 1, 0], 'распоряжен']
[[0, 0, 0, 3, 0, 0, 0], 'распределен']
[[0, 1, 0, 1, 1, 0, 0], 'рассказа']
[[0, 0, 0, 4, 5, 1, 0], 'расстоян']
[[0, 1, 0, 1, 0, 0, 0], 'растт']
[[0, 0, 0, 1, 1, 0, 0], 'расчт']
[[0, 1, 0, 0, 1, 0, 0], 'расширя']
[[1, 2, 0, 1, 0, 1, 1], 'реализ']
[[2, 0, 0, 11, 0, 0, 0], 'реализац']
[[0, 0, 0, 3, 0, 1, 0], 'реализова']
[[0, 2, 0, 1, 0, 0, 0], 'реальн']
[[0, 0, 0, 1, 0, 0, 0], 'регулярн']
[[0, 0, 0, 0, 0, 2, 0], 'резк']
[[1, 2, 2, 8, 4, 10, 0], 'результат']
[[0, 0, 0, 1, 0, 1, 0], 'результир']
[[0, 2, 0, 0, 0, 0, 0], 'рекомендательн']
[[0, 4, 0, 0, 0, 0, 0], 'релевантн']
[[0, 0, 0, 0, 0, 4, 0], 'рельс']
[[0, 2, 0, 1, 0, 0, 0], 'ресурс']
[[1, 2, 0, 1, 1, 6, 0], 'реч']
[[0, 2, 1, 3, 0, 1, 0], 'реш']
[[0, 6, 1, 1, 0, 0, 0], 'реша']
[[2, 6, 4, 3, 0, 1, 1], 'решен']
[[0, 1, 0, 1, 1, 1, 0], 'рис']
[[0, 0, 1, 0, 0, 1, 0], 'рисунк']
[[0, 0, 1, 0, 0, 0, 0], 'рисунок']
[[0, 0, 0, 1, 0, 0, 0], 'ровн']
[[0, 2, 0, 0, 0, 2, 0], 'род']
[[0, 1, 0, 2, 0, 0, 0], 'рол']
[[0, 0, 0, 0, 0, 1, 0], 'росс']
[[0, 1, 0, 0, 0, 1, 0], 'российск']
[[0, 1, 0, 0, 0, 0, 0], 'рост']
[[0, 0, 1, 0, 0, 0, 0], 'руководств']
[[0, 0, 1, 6, 1, 1, 0], 'русск']
[[0, 0, 2, 1, 0, 1, 0], 'ряд']
[[0, 0, 0, 1, 0, 0, 0], 'с0']
[[1, 4, 2, 2, 0, 1, 0], 'сам']
[[0, 0, 1, 2, 0, 0, 0], 'самостоятельн']
[[0, 1, 0, 1, 0, 0, 0], 'сво']
[[0, 0, 0, 1, 2, 0, 0], 'свойств']
[[3, 6, 2, 6, 0, 7, 0], 'связ']
[[1, 2, 1, 1, 0, 5, 0], 'связа']
[[0, 1, 1, 2, 0, 0, 0], 'сдела']
[[0, 4, 0, 0, 0, 0, 0], 'семантик']
[[3, 11, 3, 9, 5, 7, 2], 'семантическ']
[[0, 2, 0, 0, 0, 0, 0], 'сервис']
[[0, 0, 1, 0, 0, 2, 0], 'серьзн']
[[3, 0, 0, 1, 0, 0, 0], 'сет']
[[0, 0, 1, 0, 0, 0, 0], 'сигна']
[[0, 3, 1, 4, 0, 0, 0], 'сил']
[[0, 0, 0, 5, 0, 3, 0], 'сильн']
[[1, 0, 0, 3, 0, 0, 0], 'символ']
[[0, 0, 0, 1, 0, 0, 0], 'син']
[[0, 4, 1, 23, 5, 4, 0], 'сингулярн']
[[1, 1, 1, 0, 0, 0, 0], 'сист']
[[3, 14, 3, 3, 0, 3, 0], 'систем']
[[0, 0, 0, 1, 0, 1, 0], 'сказа']
[[0, 0, 0, 2, 0, 0, 0], 'скользя']
[[0, 0, 0, 1, 0, 1, 0], 'скор']
[[0, 0, 0, 3, 0, 0, 0], 'скорост']
[[0, 0, 3, 0, 6, 0, 0], 'скрипт']
[[3, 3, 2, 6, 0, 1, 0], 'скрыт']
[[0, 1, 0, 1, 1, 0, 0], 'слаб']
[[0, 1, 1, 8, 2, 3, 0], 'след']
[[0, 0, 1, 3, 0, 1, 0], 'следовательн']
[[0, 1, 0, 0, 0, 1, 0], 'следств']
[[0, 0, 0, 1, 0, 0, 0], 'следу']
[[0, 0, 0, 4, 0, 1, 0], 'слишк']
[[0, 0, 0, 2, 0, 0, 0], 'сло']
[[4, 12, 1, 27, 14, 14, 0], 'слов']
[[0, 0, 0, 1, 3, 0, 0], 'словар']
[[0, 0, 0, 1, 0, 0, 0], 'словообраз']
[[0, 3, 0, 2, 1, 1, 0], 'сложн']
[[0, 0, 1, 1, 0, 0, 0], 'сложност']
[[1, 0, 3, 2, 1, 0, 0], 'служ']
[[0, 0, 2, 3, 3, 10, 0], 'случа']
[[0, 0, 0, 2, 0, 1, 0], 'случайн']
[[0, 1, 0, 1, 1, 2, 0], 'смежн']
[[0, 2, 0, 2, 0, 0, 0], 'сможет']
[[4, 4, 0, 3, 0, 3, 0], 'смысл']
[[0, 2, 1, 2, 1, 3, 0], 'смыслов']
[[0, 0, 0, 1, 1, 0, 0], 'снача']
[[0, 0, 0, 4, 0, 0, 0], 'снижен']
[[0, 0, 0, 0, 0, 2, 0], 'событ']
[[0, 0, 0, 1, 0, 0, 0], 'совершен']
[[0, 1, 0, 1, 0, 0, 1], 'совершенствован']
[[0, 2, 0, 0, 0, 0, 0], 'совместн']
[[1, 1, 0, 0, 0, 0, 0], 'современ']
[[0, 0, 0, 0, 1, 0, 0], 'согласн']
[[0, 0, 0, 2, 2, 2, 0], 'содерж']
[[0, 0, 0, 5, 2, 0, 0], 'содержа']
[[1, 1, 0, 1, 0, 2, 0], 'содержан']
[[0, 1, 0, 1, 0, 0, 0], 'содержим']
[[0, 1, 0, 1, 0, 0, 2], 'созда']
[[0, 2, 0, 0, 0, 0, 0], 'создава']
[[0, 1, 1, 3, 2, 0, 1], 'создан']
[[0, 0, 1, 0, 1, 0, 0], 'создат']
[[0, 1, 0, 3, 0, 1, 0], 'сократ']
[[0, 0, 0, 1, 0, 0, 0], 'сокращ']
[[0, 0, 0, 0, 1, 1, 0], 'сокращен']
[[0, 0, 0, 0, 0, 3, 0], 'сообща']
[[0, 9, 1, 7, 1, 4, 0], 'соответств']
[[0, 0, 0, 3, 0, 1, 0], 'соответствен']
[[0, 1, 0, 1, 0, 0, 0], 'соответствова']
[[0, 1, 1, 0, 0, 0, 0], 'сопоставлен']
[[0, 0, 2, 0, 0, 0, 0], 'сопутств']
[[0, 0, 0, 3, 0, 0, 0], 'сосед']
[[0, 0, 0, 2, 0, 1, 0], 'соста']
[[0, 1, 0, 2, 0, 0, 0], 'составля']
[[0, 0, 0, 4, 0, 2, 0], 'состо']
[[0, 0, 0, 0, 2, 0, 0], 'сочетан']
[[0, 0, 0, 1, 1, 1, 0], 'союз']
[[0, 0, 0, 3, 0, 0, 0], 'специализирова']
[[0, 1, 0, 0, 1, 0, 0], 'специальн']
[[0, 2, 0, 0, 0, 2, 0], 'специфик']
[[0, 0, 1, 1, 1, 0, 0], 'специфическ']
[[0, 0, 1, 2, 2, 0, 0], 'списк']
[[0, 0, 2, 3, 2, 1, 0], 'список']
[[0, 0, 0, 2, 1, 0, 0], 'способ']
[[1, 1, 0, 0, 1, 2, 0], 'способн']
[[0, 0, 0, 1, 0, 1, 0], 'справля']
[[0, 0, 0, 1, 0, 0, 0], 'сравн']
[[0, 0, 0, 2, 0, 0, 0], 'сравнен']
[[0, 0, 0, 1, 0, 1, 0], 'сраз']
[[0, 1, 0, 7, 0, 1, 0], 'сред']
[[0, 0, 1, 7, 2, 0, 0], 'средств']
[[0, 2, 0, 1, 0, 0, 0], 'став']
[[0, 1, 0, 0, 0, 1, 0], 'стал']
[[0, 0, 2, 0, 0, 0, 0], 'стандартн']
[[0, 0, 0, 1, 0, 0, 0], 'станет']
[[0, 1, 0, 0, 0, 0, 0], 'стат']
[[0, 1, 0, 2, 0, 0, 0], 'статистическ']
[[0, 0, 0, 2, 0, 0, 0], 'стеммер']
[[0, 1, 0, 6, 0, 0, 0], 'стемминг']
[[1, 2, 0, 1, 0, 0, 0], 'степен']
[[1, 0, 0, 1, 0, 0, 0], 'сто']
[[0, 0, 0, 3, 0, 0, 0], 'столбц']
[[0, 0, 0, 0, 0, 1, 0], 'стоп']
[[0, 0, 0, 1, 0, 1, 1], 'стопроцентн']
[[0, 1, 0, 0, 2, 0, 0], 'стопсимвол']
[[0, 0, 0, 1, 3, 0, 0], 'стопсл']
[[0, 1, 0, 1, 1, 2, 0], 'стопслов']
[[0, 1, 0, 0, 0, 2, 0], 'стран']
[[0, 0, 1, 0, 0, 0, 0], 'стро']
[[0, 1, 2, 4, 4, 0, 0], 'строк']
[[0, 1, 2, 3, 1, 0, 0], 'структур']
[[0, 2, 0, 0, 0, 0, 0], 'субъективн']
[[0, 0, 0, 0, 0, 3, 0], 'суд']
[[0, 1, 0, 1, 0, 0, 0], 'сут']
[[0, 0, 0, 4, 0, 0, 0], 'суффикс']
[[0, 1, 0, 4, 0, 0, 0], 'существ']
[[0, 0, 0, 2, 0, 0, 0], 'существен']
[[0, 0, 0, 1, 1, 0, 0], 'существительн']
[[0, 2, 0, 0, 0, 0, 0], 'сфер']
[[1, 0, 0, 1, 0, 0, 0], 'сформулирова']
[[0, 0, 3, 0, 0, 0, 0], 'схем']
[[0, 0, 0, 0, 0, 3, 0], 'схожден']
[[0, 0, 2, 0, 0, 0, 0], 'сценар']
[[0, 1, 0, 7, 3, 1, 0], 'счита']
[[0, 0, 0, 1, 0, 0, 0], 'считыва']
[[0, 1, 1, 0, 0, 1, 0], 'счт']
[[0, 0, 0, 0, 0, 3, 0], 'сша']
[[0, 1, 1, 0, 3, 2, 0], 'таблиц']
[[0, 1, 0, 0, 0, 0, 0], 'так']
[[3, 4, 3, 9, 4, 3, 0], 'такж']
[[0, 1, 0, 4, 1, 0, 0], 'таков']
[[1, 1, 0, 2, 0, 1, 0], 'тд']
[[9, 14, 6, 31, 7, 35, 2], 'текст']
[[0, 1, 0, 0, 0, 0, 0], 'текста']
[[0, 0, 0, 1, 0, 1, 0], 'текстап']
[[0, 4, 3, 2, 3, 2, 0], 'текстов']
[[0, 0, 1, 1, 0, 2, 0], 'текущ']
[[1, 0, 0, 0, 0, 1, 0], 'тел']
[[2, 3, 2, 6, 1, 7, 2], 'тем']
[[1, 5, 2, 6, 2, 7, 0], 'тематик']
[[0, 0, 0, 2, 0, 8, 0], 'тематическ']
[[1, 0, 0, 0, 0, 0, 0], 'теор']
[[0, 6, 2, 37, 12, 37, 0], 'терм']
[[2, 1, 0, 2, 0, 0, 0], 'термин']
[[0, 0, 0, 6, 0, 2, 0], 'термынадокумент']
[[0, 0, 0, 1, 0, 1, 0], 'тест']
[[0, 0, 0, 2, 2, 0, 0], 'техническ']
[[0, 0, 0, 0, 0, 1, 0], 'тиф']
[[0, 0, 0, 3, 0, 1, 0], 'точек']
[[0, 0, 0, 1, 0, 3, 0], 'точк']
[[0, 0, 0, 2, 0, 0, 0], 'точн']
[[0, 0, 0, 4, 0, 0, 0], 'точност']
[[0, 2, 1, 1, 0, 1, 0], 'тп']
[[0, 0, 1, 4, 3, 1, 0], 'треб']
[[0, 0, 8, 2, 1, 0, 0], 'требован']
[[0, 0, 0, 1, 0, 1, 0], 'трет']
[[0, 0, 0, 1, 0, 0, 0], 'трх']
[[0, 0, 0, 2, 0, 0, 0], 'трхмерн']
[[0, 0, 0, 2, 0, 1, 0], 'тысяч']
[[0, 0, 0, 1, 0, 0, 0], 'убыва']
[[0, 0, 0, 2, 0, 0, 0], 'убыван']
[[0, 0, 0, 0, 2, 0, 0], 'увелич']
[[0, 0, 0, 0, 0, 1, 0], 'увид']
[[0, 0, 0, 1, 0, 1, 0], 'уда']
[[0, 0, 0, 3, 0, 0, 0], 'удал']
[[0, 0, 0, 2, 0, 1, 0], 'удален']
[[0, 0, 1, 2, 1, 0, 0], 'удаля']
[[1, 1, 0, 0, 0, 0, 0], 'уделя']
[[0, 0, 1, 2, 3, 0, 0], 'указа']
[[0, 0, 1, 0, 0, 0, 0], 'указыв']
[[0, 0, 3, 2, 0, 2, 0], 'указыва']
[[0, 0, 0, 0, 0, 5, 0], 'украин']
[[0, 0, 0, 0, 0, 1, 0], 'улучш']
[[0, 1, 0, 0, 0, 1, 0], 'улучшен']
[[0, 1, 0, 1, 0, 1, 0], 'уместн']
[[0, 2, 0, 1, 0, 0, 0], 'уникальн']
[[0, 0, 0, 0, 0, 3, 0], 'упомина']
[[0, 0, 0, 1, 0, 0, 0], 'упорядоч']
[[0, 2, 0, 0, 0, 0, 0], 'уровн']
[[0, 0, 0, 0, 0, 1, 0], 'ускор']
[[0, 0, 0, 2, 0, 0, 0], 'услов']
[[0, 0, 0, 1, 0, 0, 1], 'усовершенствован']
[[0, 1, 0, 1, 0, 0, 0], 'успешн']
[[0, 0, 1, 1, 0, 1, 0], 'установ']
[[0, 0, 1, 1, 0, 0, 0], 'установк']
[[0, 0, 2, 0, 0, 0, 0], 'устройств']
[[0, 0, 0, 0, 0, 2, 0], 'утвержда']
[[0, 0, 0, 0, 0, 1, 0], 'утр']
[[0, 0, 0, 0, 0, 2, 0], 'уч']
[[0, 0, 6, 6, 4, 0, 0], 'файл']
[[0, 0, 0, 1, 0, 1, 0], 'фактор']
[[0, 1, 0, 0, 0, 0, 0], 'фиксир']
[[0, 1, 0, 3, 0, 0, 0], 'форм']
[[0, 0, 2, 0, 0, 0, 0], 'формат']
[[0, 0, 1, 2, 0, 1, 0], 'формир']
[[0, 0, 0, 0, 2, 0, 0], 'формирован']
[[0, 0, 0, 2, 0, 0, 0], 'формул']
[[0, 1, 0, 3, 0, 0, 0], 'фрагмент']
[[1, 1, 0, 0, 0, 0, 0], 'фраз']
[[0, 0, 1, 1, 0, 0, 0], 'функциона']
[[0, 0, 2, 0, 0, 0, 0], 'функциональн']
[[0, 1, 0, 0, 0, 0, 0], 'функционир']
[[0, 1, 2, 1, 0, 0, 0], 'функционирован']
[[0, 0, 0, 2, 0, 0, 0], 'фур']
[[0, 0, 1, 1, 0, 0, 0], 'характер']
[[0, 0, 0, 0, 1, 1, 0], 'характерн']
[[0, 2, 1, 2, 1, 0, 0], 'ход']
[[0, 1, 0, 1, 0, 0, 0], 'хорош']
[[0, 2, 0, 3, 0, 3, 0], 'хот']
[[0, 1, 0, 0, 1, 0, 0], 'хран']
[[0, 1, 0, 0, 0, 0, 0], 'хранилищ']
[[1, 10, 5, 6, 2, 5, 2], 'цел']
[[0, 0, 0, 0, 0, 1, 0], 'центр']
[[0, 0, 0, 0, 0, 2, 0], 'церемон']
[[0, 1, 1, 5, 1, 5, 0], 'част']
[[0, 0, 0, 3, 3, 0, 0], 'частот']
[[0, 0, 1, 5, 2, 0, 0], 'частотн']
[[0, 2, 0, 0, 0, 0, 0], 'человек']
[[0, 0, 0, 2, 0, 0, 0], 'четыр']
[[0, 1, 0, 4, 1, 1, 0], 'числ']
[[0, 1, 0, 0, 0, 1, 0], 'чм']
[[0, 0, 0, 2, 0, 0, 0], 'шаг']
[[0, 0, 0, 0, 0, 1, 0], 'шедш']
[[0, 2, 0, 0, 0, 1, 0], 'широк']
[[0, 0, 0, 3, 0, 0, 0], 'шифр']
[[0, 0, 0, 1, 0, 0, 0], 'шифрова']
[[0, 3, 1, 7, 1, 2, 0], 'шифрован']
[[0, 1, 0, 5, 0, 0, 0], 'шум']
[[0, 0, 0, 0, 1, 0, 0], 'ь']
[[0, 0, 0, 1, 1, 0, 0], 'экземпляр']
[[0, 0, 1, 0, 0, 0, 0], 'экра']
[[0, 0, 1, 0, 0, 6, 0], 'эксперимент']
[[0, 0, 0, 4, 1, 1, 0], 'элемент']
[[0, 0, 0, 1, 0, 1, 0], 'эмпирическ']
[[0, 0, 0, 0, 0, 1, 0], 'эпид']
[[0, 3, 0, 9, 1, 4, 0], 'этап']
[[3, 3, 0, 8, 2, 4, 2], 'эффективн']
[[1, 0, 0, 1, 0, 0, 1], 'явля']
[[1, 0, 0, 0, 0, 1, 0], 'ядр']
[[0, 2, 4, 22, 2, 1, 0], 'язык']
[[0, 0, 0, 1, 0, 0, 0], 'ясн']
Координаты термов
[-0.00506347 -0.00712101 -0.00256762]10
[-0.00772735 -0.00319068 -0.02036963]11
[-0.00668051  0.00349575  0.00978478]12
[-0.01688983 -0.03157421  0.01564947]128
[-0.00491611  0.02277861  0.01174484]15
[-0.00245806  0.01138931  0.00587242]19
[-0.00422246 -0.00789355  0.00391237]1m
[-0.00422246 -0.00789355  0.00391237]1n
[-0.00245806  0.01138931  0.00587242]1выбра
[-0.00245806  0.01138931  0.00587242]1на
[-0.00175245  0.00235144 -0.012141  ]1так
[-0.00168203  0.00154509 -0.01295997]21
[-0.00084102  0.00077255 -0.00647999]22
[-0.00245806  0.01138931  0.00587242]23
[-0.00844491 -0.0157871   0.00782473]256
[-0.00245806  0.01138931  0.00587242]27
[-0.0042105   0.01374074 -0.00626858]2в
[-0.00491611  0.02277861  0.01174484]2след
[-0.00245806  0.01138931  0.00587242]300
[-0.00844491 -0.0157871   0.00782473]31
[-0.00234792  0.00038375 -0.00527862]41
[-0.00117396  0.00019188 -0.00263931]42
[-0.00117396  0.00019188 -0.00263931]45
[-0.00422246 -0.00789355  0.00391237]500
[-0.00491611  0.02277861  0.01174484]51
[-0.00491611  0.02277861  0.01174484]52
[-0.00491611  0.02277861  0.01174484]53
[-0.00983222  0.04555722  0.02348967]54
[-0.00422246 -0.00789355  0.00391237]5l
[-0.00245806  0.01138931  0.00587242]6так
[-0.00245806  0.01138931  0.00587242]91
[-0.00844491 -0.0157871   0.00782473]a1i
[-0.01688983 -0.03157421  0.01564947]aes
[-0.00844491 -0.0157871   0.00782473]aki
[-0.00422246 -0.00789355  0.00391237]b1i
[-0.00422246 -0.00789355  0.00391237]b1it
[-0.00844491 -0.0157871   0.00782473]bki
[-0.00422246 -0.00789355  0.00391237]cij
[-0.00201497  0.00096442 -0.0091193 ]cresult
[-0.00318893  0.0011563  -0.01175861]d
[-0.00234792  0.00038375 -0.00527862]docs
[-0.00201497  0.00096442 -0.0091193 ]documenttxt
[-0.00201497  0.00096442 -0.0091193 ]e
[-0.00117396  0.00019188 -0.00263931]f
[-0.01384133 -0.02348878  0.00909779]filecryptor
[-0.00117396  0.00019188 -0.00263931]fitdocs
[-0.00234792  0.00038375 -0.00527862]fitterms
[-0.00350489  0.00470288 -0.024282  ]google
[-0.00422246 -0.00789355  0.00391237]h
[-0.00422246 -0.00789355  0.00391237]hashlib
[-0.01688983 -0.03157421  0.01564947]ide
[-0.00422246 -0.00789355  0.00391237]j
[-0.00422246 -0.00789355  0.00391237]k2
[-0.00084102  0.00077255 -0.00647999]linux
[-0.00117396  0.00019188 -0.00263931]lsa
[-0.00844491 -0.0157871   0.00782473]mn
[-0.00422246 -0.00789355  0.00391237]ndoc
[-0.00422246 -0.00789355  0.00391237]nterm
[-0.00201497  0.00096442 -0.0091193 ]numpy
[ -1.19667871e-02  -1.52114756e-02  -9.31944089e-05]pca
[-0.00117396  0.00019188 -0.00263931]plotaspca
[-0.00117396  0.00019188 -0.00263931]plotgraphic
[-0.00844491 -0.0157871   0.00782473]pycharm
[-0.00844491 -0.0157871   0.00782473]pycrypto
[-0.04254014 -0.06775991  0.00665205]python
[-0.00117396  0.00019188 -0.00263931]removeunique
[-0.00234792  0.00038375 -0.00527862]rerv
[-0.00234792  0.00038375 -0.00527862]statictics
[-0.00352187  0.00057563 -0.00791793]stemmer
[-0.00844491 -0.0157871   0.00782473]svd
[-0.00117396  0.00019188 -0.00263931]tablegenerator
[-0.00117396  0.00019188 -0.00263931]terms
[-0.00352187  0.00057563 -0.00791793]textprocessor
[-0.00422246 -0.00789355  0.00391237]uikskvkjt
[-0.00422246 -0.00789355  0.00391237]usvt
[-0.00737417  0.03416792  0.01761725]wikileaks
[-0.00285599  0.00173697 -0.01559928]windows
[-0.00245806  0.01138931  0.00587242]xv
[-0.0113176  -0.00363341  0.01138314]абзац
[-0.01336103  0.00699151  0.01956957]агк
[-0.00117396  0.00019188 -0.00263931]актив
[-0.00700978  0.00940575 -0.04856399]актуальн
[-0.14923495 -0.16997837  0.00241338]алгоритм
[-0.00737417  0.03416792  0.01761725]америк
[-0.00117396  0.00019188 -0.00263931]ан
[-0.25599263  0.04191145 -0.20260536]анализ
[-0.00844491 -0.0157871   0.00782473]анализа
[-0.00175245  0.00235144 -0.012141  ]анализир
[-0.00844491 -0.0157871   0.00782473]аналог
[-0.00554466 -0.00755364  0.00012345]аналогичн
[-0.00928593 -0.01501456  0.00134475]английск
[-0.00252305  0.00231764 -0.01943996]аппаратн
[-0.00287269  0.01215369  0.00355841]априорн
[-0.00469583  0.0007675  -0.01055724]аргумент
[-0.00491611  0.02277861  0.01174484]арест
[-0.00245806  0.01138931  0.00587242]арестова
[-0.00391952  0.00546726 -0.026596  ]аспект
[-0.00422246 -0.00789355  0.00391237]ассоциативн
[-0.00117396  0.00019188 -0.00263931]атаблиц
[-0.00491611  0.02277861  0.01174484]ацтекск
[-0.01688983 -0.03157421  0.01564947]базис
[-0.00168203  0.00154509 -0.01295997]базов
[-0.00245806  0.01138931  0.00587242]бактер
[-0.02919803  0.01908278 -0.11501179]безопасн
[-0.00539641 -0.00770168  0.00127306]безусловн
[-0.00844491 -0.0157871   0.00782473]бесполезн
[-0.02293475 -0.02868094 -0.01170842]библиотек
[-0.01688983 -0.03157421  0.01564947]бит
[-0.01405468  0.03766367  0.02740204]ближ
[-0.0216958  -0.01980115  0.01624327]ближайш
[-0.00913857  0.01488506  0.0156572 ]близк
[-0.00844491 -0.0157871   0.00782473]блок
[-0.00844491 -0.0157871   0.00782473]блочн
[-0.00491611  0.02277861  0.01174484]бойкотир
[-0.0042105   0.01374074 -0.00626858]болеемен
[-0.00245806  0.01138931  0.00587242]болезн
[-0.0381631   0.02371857  0.01584793]больш
[-0.01441982 -0.02132922 -0.0004039 ]большинств
[-0.00175245  0.00235144 -0.012141  ]брат
[-0.00491611  0.02277861  0.01174484]брюшн
[-0.00491611  0.02277861  0.01174484]вагон
[-0.0260284  -0.01668915  0.03130667]важн
[-0.01806379 -0.03138233  0.01301016]вариант
[-0.00422246 -0.00789355  0.00391237]варьирова
[-0.00117396  0.00019188 -0.00263931]введ
[-0.00638953 -0.00477773 -0.01054264]введен
[-0.00506347 -0.00712101 -0.00256762]ввест
[-0.00084102  0.00077255 -0.00647999]ввод
[-0.00422246 -0.00789355  0.00391237]ведт
[-0.00737417  0.03416792  0.01761725]везд
[-0.01158467  0.04790866  0.01134867]век
[-0.06931176 -0.12394539  0.05045688]вектор
[-0.01453498  0.00718338  0.01693026]велик
[-0.00737417  0.03416792  0.01761725]великобритан
[-0.00245806  0.01138931  0.00587242]верн
[-0.01019736 -0.01343567 -0.00431626]вероятн
[-0.00084102  0.00077255 -0.00647999]верс
[-0.00422246 -0.00789355  0.00391237]вес
[-0.02734972 -0.04639689  0.01435491]весов
[-0.01142435 -0.00068116 -0.0424489 ]взаимодейств
[-0.0059749  -0.00554211 -0.00822863]взаимосвяз
[-0.01266737 -0.02368066  0.0117371 ]взлом
[-0.04278011 -0.00188062 -0.06669448]вид
[-0.00575713  0.02355116  0.00526485]видн
[-0.00547811 -0.00635662 -0.00488163]визуализац
[-0.00831086  0.01647593 -0.0236882 ]включ
[-0.01334907  0.0286258   0.00938862]включа
[-0.00961887 -0.01559523  0.00518542]влия
[-0.00668051  0.00349575  0.00978478]влиян
[-0.00843296  0.00584719 -0.00235621]вмест
[-0.00681592 -0.00476957 -0.01470862]внедр
[-0.00249616  0.00053179 -0.00642823]внедрен
[-0.01904495 -0.00682409 -0.00898649]вниман
[-0.00668051  0.00349575  0.00978478]вовс
[-0.0042105   0.01374074 -0.00626858]вод
[-0.03094752  0.02010642 -0.03139537]возможн
[-0.00491611  0.02277861  0.01174484]вокруг
[-0.01019736 -0.01343567 -0.00431626]вообщ
[-0.00422246 -0.00789355  0.00391237]воперв
[-0.00947979 -0.00083924 -0.03251063]вопрос
[-0.01266737 -0.02368066  0.0117371 ]воспользова
[-0.00885955 -0.01502272  0.00551073]восприят
[-0.0085812   0.00599523 -0.00350582]вполн
[-0.00844491 -0.0157871   0.00782473]вращен
[-0.01334907  0.0286258   0.00938862]врем
[-0.00506347 -0.00712101 -0.00256762]времен
[-0.01720639  0.07972514  0.04110692]вручен
[-0.0059749  -0.00554211 -0.00822863]вряд
[-0.00666856  0.02513005 -0.00039616]вс
[-0.00117396  0.00019188 -0.00263931]вслед
[-0.03328047  0.02810751  0.02759194]встреча
[-0.01384133 -0.02348878  0.00909779]встречаем
[-0.01336103  0.00699151  0.01956957]втор
[-0.03109187 -0.02381015  0.02873905]вход
[-0.01701763  0.02147482 -0.02999637]входн
[-0.01596644 -0.0115188   0.01112953]вхожден
[-0.02286473 -0.03711632  0.00742084]выбира
[-0.04468263 -0.06754621  0.04499609]выбор
[-0.04253421  0.07150518  0.0605833 ]выборк
[-0.04569359 -0.00932976 -0.01570117]выбра
[-0.00252305  0.00231764 -0.01943996]вывод
[-0.00854813  0.03435979  0.01497794]выгляд
[-0.03532796  0.09295646  0.0276005 ]выдел
[-0.01577868  0.03035461 -0.00204468]выделен
[-0.00913857  0.01488506  0.0156572 ]выделя
[-0.00363201  0.01158118  0.00323311]вынес
[-0.00873359 -0.00639734 -0.01163516]выполн
[-0.01015695 -0.00146187 -0.03180293]выполнен
[-0.01923774 -0.03119046  0.01037085]выполня
[-0.01976407 -0.01630088 -0.02476554]выражен
[-0.00245806  0.01138931  0.00587242]вырос
[-0.00422246 -0.00789355  0.00391237]высок
[-0.02038276 -0.00523704 -0.01881348]выступа
[-0.01852018 -0.01859403 -0.01782351]выход
[-0.0065697   0.0146632  -0.01852086]выходн
[-0.00422246 -0.00789355  0.00391237]вычисл
[-0.01266737 -0.02368066  0.0117371 ]вычислен
[-0.00668051  0.00349575  0.00978478]выш
[-0.00462513  0.01450513 -0.00858259]выяв
[-0.00931594 -0.00223442 -0.02532295]выявлен
[-0.00668051  0.00349575  0.00978478]гарант
[-0.00422246 -0.00789355  0.00391237]гарантир
[-0.00961887 -0.01559523  0.00518542]генерир
[-0.00422246 -0.00789355  0.00391237]геометрическ
[-0.00245806  0.01138931  0.00587242]глав
[-0.04702361 -0.02802112  0.03571964]главн
[-0.00117396  0.00019188 -0.00263931]гласн
[-0.00259346  0.00312398 -0.01862098]глубок
[-0.02859883  0.05975109  0.00548663]говор
[-0.02177007  0.05610729 -0.00314854]год
[-0.00843296  0.00584719 -0.00235621]горазд
[-0.00350489  0.00470288 -0.024282  ]государствен
[-0.00422246 -0.00789355  0.00391237]гот
[-0.05327244  0.10876328  0.05228061]график
[-0.02032431 -0.02767768 -0.0094515 ]графическ
[-0.08424572  0.24680998  0.15341231]групп
[-0.00422246 -0.00789355  0.00391237]дава
[-0.01581908  0.01838081  0.02544199]дал
[-0.0042105   0.01374074 -0.00626858]далек
[-0.00117396  0.00019188 -0.00263931]далк
[-0.03347286 -0.05179096  0.00497667]дальн
[-0.00259346  0.00312398 -0.01862098]дальш
[-0.1292281   0.05269743 -0.07607217]дан
[-0.00913857  0.01488506  0.0156572 ]дат
[-0.00668051  0.00349575  0.00978478]две
[-0.00913857  0.01488506  0.0156572 ]двух
[-0.00422246 -0.00789355  0.00391237]действ
[-0.00843296  0.00584719 -0.00235621]действительн
[-0.01135936  0.00839051 -0.01713652]дел
[-0.00612315 -0.00539407 -0.00937824]дела
[-0.00014825  0.00014804 -0.00114961]демонстрир
[-0.01382937 -0.00185448 -0.00108316]десятк
[-0.00737417  0.03416792  0.01761725]деформац
[-0.00844491 -0.0157871   0.00782473]дешифровк
[-0.00844491 -0.0157871   0.00782473]диагональн
[-0.01043251  0.0140585  -0.07181299]дипломн
[-0.00168203  0.00154509 -0.01295997]диск
[-0.00422246 -0.00789355  0.00391237]длин
[-0.01265542 -0.00204636  0.00155615]доб
[-0.00084102  0.00077255 -0.00647999]добавл
[-0.44693998  0.17105661  0.15552829]документ
[ -1.03208092e-02  -6.66925899e-05  -3.89906145e-02]документооборот
[-0.0290572   0.01747009 -0.11664974]должн
[-0.02480929 -0.03695825 -0.00251743]дополнительн
[-0.0273258  -0.0031283  -0.00600699]достаточн
[-0.00668051  0.00349575  0.00978478]доступ
[-0.02072324  0.06279372  0.02700587]друг
[-0.03298128 -0.0266044  -0.05186876]е
[-0.00117396  0.00019188 -0.00263931]ев
[-0.00983222  0.04555722  0.02348967]европейск
[-0.00245806  0.01138931  0.00587242]един
[-0.01207693 -0.00420592  0.01105784]единствен
[-0.00117396  0.00019188 -0.00263931]ем
[-0.00737417  0.03416792  0.01761725]ес
[-0.00843296  0.00584719 -0.00235621]естествен
[-0.01264346  0.01958794 -0.00862479]ещ
[-0.00491611  0.02277861  0.01174484]жертв
[-0.00041463  0.00076438 -0.00231401]жив
[-0.00737417  0.03416792  0.01761725]жител
[-0.00084102  0.00077255 -0.00647999]заверш
[-0.00506347 -0.00712101 -0.00256762]заверша
[-0.00727231  0.00801874 -0.04554229]завершен
[-0.02357034 -0.02807845  0.02543425]завис
[-0.02700482 -0.02418192  0.00033328]зависим
[-0.00245806  0.01138931  0.00587242]завоева
[-0.00245806  0.01138931  0.00587242]завоеван
[-0.00983222  0.04555722  0.02348967]заголовк
[-0.01266737 -0.02368066  0.0117371 ]зада
[-0.00774433 -0.00731792 -0.00400556]задан
[-0.12386243 -0.00063822 -0.23604917]задач
[-0.00175245  0.00235144 -0.012141  ]заключ
[-0.00844491 -0.0157871   0.00782473]заключа
[-0.00668051  0.00349575  0.00978478]заключительн
[-0.03387091  0.00863278  0.0282712 ]замет
[-0.00201497  0.00096442 -0.0091193 ]записа
[-0.01045989 -0.01482268 -0.00129456]записыва
[-0.01123224  0.0015122  -0.04465163]запрос
[-0.00422246 -0.00789355  0.00391237]запуск
[-0.00259346  0.00312398 -0.01862098]запуска
[-0.02286976 -0.01960927  0.01360396]зат
[-0.03260705 -0.03934258 -0.02206809]зашифрова
[-0.02148263  0.00063916 -0.08446121]защищн
[-0.00175245  0.00235144 -0.012141  ]звук
[-0.00961887 -0.01559523  0.00518542]знак
[-0.00285599  0.00173697 -0.01559928]знан
[-0.00245806  0.01138931  0.00587242]знач
[-0.00491611  0.02277861  0.01174484]знача
[-0.10262442 -0.1542501   0.04640221]значен
[-0.02353447  0.03682443 -0.00510859]значительн
[-0.01182771 -0.00045549 -0.03778925]и
[-0.03377966 -0.06314842  0.03129894]ив
[-0.00422246 -0.00789355  0.00391237]иде
[-0.0218972   0.0629856   0.02436656]идт
[-0.00785447  0.00368763  0.00714548]избав
[-0.01266737 -0.02368066  0.0117371 ]избра
[-0.00422246 -0.00789355  0.00391237]извест
[-0.01087906  0.03887079 -0.00666474]известн
[-0.00491611  0.02277861  0.01174484]изз
[-0.00245806  0.01138931  0.00587242]излож
[-0.01019736 -0.01343567 -0.00431626]изначальн
[-0.00175245  0.00235144 -0.012141  ]изуч
[-0.00350489  0.00470288 -0.024282  ]изучен
[-0.00844491 -0.0157871   0.00782473]им
[-0.00844491 -0.0157871   0.00782473]име
[-0.02032431 -0.02767768 -0.0094515 ]имеет
[-0.03491775  0.00194635 -0.00188322]имен
[-0.01764848 -0.00997371 -0.00183044]имет
[-0.02532279 -0.02572702  0.01329326]имеют
[ -1.91720730e-02   5.42153376e-05   1.85286197e-02]имеющ
[-0.00491611  0.02277861  0.01174484]импер
[-0.02808166 -0.01808821 -0.05648883]ин
[-0.00245806  0.01138931  0.00587242]инач
[-0.00491611  0.02277861  0.01174484]инд
[-0.00491611  0.02277861  0.01174484]индейц
[-0.00928593 -0.01501456  0.00134475]индексируем
[-0.01688983 -0.03157421  0.01564947]инициализир
[-0.02277041  0.00534592 -0.01376003]инструмент
[-0.00825368  0.0116989  -0.05550602]интеллект
[-0.00175245  0.00235144 -0.012141  ]интерес
[-0.00758652 -0.00480337 -0.02200758]интерпретатор
[-0.03423537 -0.02818711 -0.01668934]интерпретац
[-0.00842754 -0.00403082 -0.02848756]интерфейс
[-0.03455424  0.00247682 -0.12919249]информац
[-0.0179008   0.02664225 -0.04504779]информацион
[-0.02495765  0.03326587  0.04109919]исключ
[-0.00785447  0.00368763  0.00714548]исключен
[-0.01493419  0.01519465 -0.04572123]искусствен
[-0.01542992 -0.02253252  0.00414447]использ
[-0.027551   -0.03368622 -0.02228803]использова
[-0.01849085  0.01479655 -0.06431676]использован
[-0.01266737 -0.02368066  0.0117371 ]использу
[-0.00960692  0.00603907 -0.00499552]используем
[-0.00175245  0.00235144 -0.012141  ]исслед
[-0.06381338  0.1064365  -0.01618752]исследован
[-0.00216708  0.00311582 -0.01445501]исследовател
[-0.01435076  0.00186215 -0.05722921]исследовательск
[-0.07761908  0.00806891 -0.00256162]исследуем
[-0.00245806  0.01138931  0.00587242]истор
[-0.00245806  0.01138931  0.00587242]источник
[-0.0059749  -0.00554211 -0.00822863]исход
[-0.05092006 -0.07447534  0.03978916]исходн
[-0.00491611  0.02277861  0.01174484]исчезл
[-0.01189223 -0.00347721  0.00606756]итог
[-0.04319127 -0.01074863 -0.04487416]итогов
[-0.058512   -0.0694007   0.04391293]кажд
[-0.01019736 -0.01343567 -0.00431626]как
[-0.00668051  0.00349575  0.00978478]каса
[-0.00666856  0.02513005 -0.00039616]категор
[-0.05894273 -0.02971248  0.02877547]качеств
[-0.00491611  0.02277861  0.01174484]ки
[-0.00245806  0.01138931  0.00587242]киев
[-0.02524796 -0.02098935 -0.02113598]класс
[-0.03118755 -0.04227468 -0.00608641]классификац
[-0.03696859 -0.06199212  0.01954033]ключ
[-0.0210934   0.02130788  0.00538306]ключев
[-0.00714886 -0.00535024 -0.01086794]ко
[-0.01079283 -0.01540335  0.00254612]код
[-0.00491611  0.02277861  0.01174484]коклицтл
[-0.05927539 -0.01574919  0.03540977]количеств
[-0.01312337 -0.00326332 -0.0390448 ]команд
[-0.00402995  0.00192884 -0.01823859]командн
[-0.00612315 -0.00539407 -0.00937824]комплексн
[-0.05429457 -0.0440001   0.04618369]компонент
[-0.00844491 -0.0157871   0.00782473]конечн
[-0.00983222  0.04555722  0.02348967]конкистадор
[-0.00843296  0.00584719 -0.00235621]конкретн
[-0.00422246 -0.00789355  0.00391237]консол
[-0.00336407  0.00309018 -0.02591994]консольн
[-0.01934788 -0.0201849   0.02152189]контрол
[-0.00518692  0.00624797 -0.03724197]конфиденциальн
[-0.00843296  0.00584719 -0.00235621]конц
[-0.00961887 -0.01559523  0.00518542]координат
[-0.00491611  0.02277861  0.01174484]коротк
[-0.00668051  0.00349575  0.00978478]корпус
[-0.00175245  0.00235144 -0.012141  ]корректирова
[-0.01691916  0.00337894 -0.02817283]корректн
[-0.02312726 -0.03850334  0.01044254]коэффициент
[-0.00245806  0.01138931  0.00587242]кра
[-0.01864227 -0.02922277  0.00350847]кром
[-0.0042105   0.01374074 -0.00626858]круг
[-0.00596295  0.01609218 -0.01840958]крупн
[-0.00491611  0.02277861  0.01174484]крушен
[-0.00737417  0.03416792  0.01761725]крым
[-0.00737417  0.03416792  0.01761725]культур
[-0.0103456  -0.01328763 -0.00546587]курсов
[-0.00885955 -0.01502272  0.00551073]латентн
[-0.05706214 -0.02016234 -0.06756575]латентносемантическ
[-0.00844491 -0.0157871   0.00782473]лев
[-0.00506347 -0.00712101 -0.00256762]легк
[-0.00245806  0.01138931  0.00587242]леж
[-0.00245806  0.01138931  0.00587242]лет
[-0.02238598 -0.00351639 -0.0260808 ]либ
[-0.01266737 -0.02368066  0.0117371 ]линейн
[-0.03516832  0.02219363 -0.00904246]лиш
[-0.01512543 -0.01229135  0.01760952]лишн
[-0.03480258 -0.02656625 -0.01921737]лса
[-0.00422246 -0.00789355  0.00391237]лучш
[-0.01381742  0.01977981 -0.0112641 ]люб
[-0.00668051  0.00349575  0.00978478]мал
[-0.00844491 -0.0157871   0.00782473]манипуляц
[-0.00175245  0.00235144 -0.012141  ]масс
[-0.00527432  0.00292707 -0.02005893]массив
[-0.01617226 -0.01897778 -0.0125449 ]математическ
[-0.00245806  0.01138931  0.00587242]материа
[-0.00844491 -0.0157871   0.00782473]материал
[-0.25479028 -0.4333035   0.18530121]матриц
[-0.00844491 -0.0157871   0.00782473]матрицуa
[-0.00350489  0.00470288 -0.024282  ]машин
[-0.00491611  0.02277861  0.01174484]мексик
[-0.01174399 -0.00362525  0.00721717]мен
[-0.0059749  -0.00554211 -0.00822863]мер
[-0.00422246 -0.00789355  0.00391237]мерн
[-0.00084102  0.00077255 -0.00647999]мест
[-0.04440701 -0.02790493  0.00237534]метод
[-0.00422246 -0.00789355  0.00391237]метрическ
[-0.00844491 -0.0157871   0.00782473]миллион
[-0.00774433 -0.00731792 -0.00400556]минимальн
[-0.00245806  0.01138931  0.00587242]мир
[-0.00737417  0.03416792  0.01761725]миштек
[-0.00245806  0.01138931  0.00587242]мног
[-0.03443744  0.03242664  0.00858856]множеств
[-0.00245806  0.01138931  0.00587242]модел
[-0.00041463  0.00076438 -0.00231401]моделир
[-0.00175245  0.00235144 -0.012141  ]моделирова
[-0.0012439   0.00229315 -0.00694202]моделирован
[-0.00890131 -0.0029988  -0.02300894]модул
[-0.0059749  -0.00554211 -0.00822863]мощн
[-0.00041463  0.00076438 -0.00231401]мышлен
[-0.00668051  0.00349575  0.00978478]наблюда
[-0.11823208  0.20149523  0.09990879]набор
[-0.00539641 -0.00770168  0.00127306]наглядн
[-0.0140919  -0.0032415   0.00193855]нагрузк
[-0.00707845 -0.00615658 -0.01168691]назначен
[-0.03241793 -0.02146688  0.02076403]называ
[-0.04392465 -0.04297599 -0.01068494]наибол
[-0.01688983 -0.03157421  0.01564947]наибольш
[-0.00714886 -0.00535024 -0.01086794]наилучш
[-0.00539641 -0.00770168  0.00127306]наименьш
[-0.00928593 -0.01501456  0.00134475]накладыва
[-0.01336103  0.00699151  0.01956957]налич
[-0.01090297 -0.0043978   0.01369715]написа
[-0.00638953 -0.00477773 -0.01054264]написан
[-0.0059749  -0.00554211 -0.00822863]направлен
[-0.02826114 -0.044818    0.0086939 ]например
[-0.01090297 -0.0043978   0.01369715]напрям
[-0.00259346  0.00312398 -0.01862098]наруш
[-0.00245806  0.01138931  0.00587242]насел
[-0.00245806  0.01138931  0.00587242]населен
[-0.00391952  0.00546726 -0.026596  ]наскольк
[-0.00525734  0.00705431 -0.036423  ]наук
[-0.00350489  0.00470288 -0.024282  ]науч
[-0.00844491 -0.0157871   0.00782473]научн
[-0.04791364  0.06793075  0.04549229]наход
[-0.02111228 -0.03946776  0.01956184]нахожден
[-0.00175245  0.00235144 -0.012141  ]начал
[-0.00491611  0.02277861  0.01174484]начин
[-0.00785447  0.00368763  0.00714548]начина
[-0.01688983 -0.03157421  0.01564947]небольш
[-0.00668051  0.00349575  0.00978478]невозможн
[-0.02111228 -0.03946776  0.01956184]недостатк
[-0.00844491 -0.0157871   0.00782473]недостаток
[-0.00785447  0.00368763  0.00714548]независим
[-0.00505172 -0.00636479 -0.00071565]нейрон
[-0.00245806  0.01138931  0.00587242]некорректн
[-0.02454676 -0.03557123 -0.00553913]некотор
[-0.00117396  0.00019188 -0.00263931]необход
[-0.02290005 -0.0213731  -0.01585736]необходим
[-0.00844491 -0.0157871   0.00782473]неплох
[-0.01382937 -0.00185448 -0.00108316]непосредствен
[-0.00913857  0.01488506  0.0156572 ]неравномерн
[-0.09148965  0.11524244  0.06973805]нескольк
[-0.01455611  0.00045312 -0.01173446]несмотр
[-0.00986945  0.00465205 -0.00197382]несущ
[-0.01441982 -0.02132922 -0.0004039 ]никак
[-0.01277058  0.02646624  0.01889031]нм
[-0.01474834  0.06833584  0.03523451]нобелевск
[-0.00884759  0.00661158 -0.00467022]нов
[-0.00245806  0.01138931  0.00587242]новост
[-0.00737417  0.03416792  0.01761725]новостн
[-0.0159223   0.06852771  0.0325952 ]номер
[-0.00844491 -0.0157871   0.00782473]норм
[-0.00422246 -0.00789355  0.00391237]нормирова
[-0.00422246 -0.00789355  0.00391237]о
[-0.00539641 -0.00770168  0.00127306]об
[-0.00343448  0.00389653 -0.02510097]обеспеч
[-0.01499898  0.02700106 -0.08306653]обеспечен
[-0.00856836 -0.00241813 -0.02684962]обеспечива
[-0.00752153  0.0042683   0.0033048 ]облада
[-0.02918607  0.04071708 -0.12519274]област
[-0.01012695 -0.01424201 -0.00513524]облегч
[-0.00844491 -0.0157871   0.00782473]обоснова
[-0.00961887 -0.01559523  0.00518542]обоснован
[-0.00643129  0.00724619 -0.03906231]обрабатыва
[-0.0466623  -0.02558427 -0.11259322]обработк
[-0.08377271  0.01416005 -0.03348587]образ
[-0.00491611  0.02277861  0.01174484]образомрисунок
[-0.01019736 -0.01343567 -0.00431626]обрат
[-0.00668051  0.00349575  0.00978478]обраща
[-0.00245806  0.01138931  0.00587242]обреза
[-0.0042105   0.01374074 -0.00626858]обсто
[-0.00491611  0.02277861  0.01174484]обусловл
[-0.00245806  0.01138931  0.00587242]обуча
[-0.00885955 -0.01502272  0.00551073]обучаем
[-0.01863032 -0.00758847 -0.00667248]обучен
[-0.02613989  0.01831412 -0.01354863]общ
[-0.01483445 -0.02056484 -0.0027179 ]объект
[-0.00772735 -0.00319068 -0.02036963]объективн
[-0.04290627 -0.02662906  0.03677519]объм
[-0.00363201  0.01158118  0.00323311]объмн
[-0.00467885  0.00489475 -0.02692131]обычн
[-0.00714886 -0.00535024 -0.01086794]обязательн
[-0.00117396  0.00019188 -0.00263931]ов
[-0.00259346  0.00312398 -0.01862098]огранич
[-0.02017694  0.00222194  0.00486095]ограничен
[-0.00506347 -0.00712101 -0.00256762]ограничива
[-0.01934788 -0.0201849   0.02152189]одинаков
[-0.06215229 -0.07296314 -0.00486247]однак
[-0.00245806  0.01138931  0.00587242]однород
[-0.01875377  0.0057805  -0.04134683]означа
[-0.02004154  0.01048726  0.02935435]оказа
[-0.00785447  0.00368763  0.00714548]оказыва
[-0.01012695 -0.01424201 -0.00513524]окн
[ -1.19667871e-02  -1.52114756e-02  -9.31944089e-05]окончан
[-0.00844491 -0.0157871   0.00782473]оператор
[-0.02885661 -0.04678568  0.01555627]операц
[-0.00525734  0.00705431 -0.036423  ]оперирова
[-0.00844491 -0.0157871   0.00782473]опир
[-0.01839808 -0.00796529 -0.0391555 ]описа
[-0.02216415 -0.02864714 -0.00440946]описан
[-0.01336103  0.00699151  0.01956957]описыва
[-0.04010941  0.04024533 -0.03014844]определ
[-0.02152027 -0.00416841 -0.02759268]определен
[-0.01902825 -0.01724081 -0.02814418]определн
[-0.03080089 -0.03208364  0.00841163]определя
[-0.01266737 -0.02368066  0.0117371 ]оптимальн
[-0.00234792  0.00038375 -0.00527862]опц
[-0.01065375 -0.00064736 -0.03514994]организац
[-0.00844491 -0.0157871   0.00782473]ориентирова
[-0.00844491 -0.0157871   0.00782473]ортонормирова
[-0.00506347 -0.00712101 -0.00256762]ос
[-0.00245806  0.01138931  0.00587242]осл
[-0.00391952  0.00546726 -0.026596  ]осмыслен
[-0.05792291 -0.02592825 -0.01277266]основ
[-0.00668051  0.00349575  0.00978478]основа
[-0.00681592 -0.00476957 -0.01470862]основан
[-0.01229028  0.05694653  0.02936209]основател
[-0.06019735 -0.00939566 -0.06098563]основн
[-0.00668051  0.00349575  0.00978478]особен
[-0.00422246 -0.00789355  0.00391237]оста
[-0.00422246 -0.00789355  0.00391237]остав
[-0.00350489  0.00470288 -0.024282  ]остава
[-0.00245806  0.01138931  0.00587242]оставл
[-0.00539641 -0.00770168  0.00127306]оставля
[-0.00785447  0.00368763  0.00714548]остат
[-0.00175245  0.00235144 -0.012141  ]остр
[-0.00084102  0.00077255 -0.00647999]осуществ
[-0.00843296  0.00584719 -0.00235621]осуществля
[-0.00525734  0.00705431 -0.036423  ]ответ
[-0.00858535 -0.00654538 -0.01048555]отвеча
[-0.03847146  0.0885795  -0.01782789]отдельн
[-0.00245806  0.01138931  0.00587242]отказа
[-0.00041463  0.00076438 -0.00231401]откр
[-0.00668051  0.00349575  0.00978478]отмет
[-0.0059749  -0.00554211 -0.00822863]отмеч
[-0.01758348 -0.00090204  0.02348194]относительн
[-0.00525734  0.00705431 -0.036423  ]отношен
[-0.01336103  0.00699151  0.01956957]отобра
[-0.01079283 -0.01540335  0.00254612]отобража
[-0.00844491 -0.0157871   0.00782473]отображен
[-0.03164191 -0.03131109  0.00193164]отража
[-0.00175245  0.00235144 -0.012141  ]отсутств
[-0.00814701  0.01508076 -0.01650052]отчт
[-0.00084102  0.00077255 -0.00647999]оформл
[-0.00175245  0.00235144 -0.012141  ]оцен
[-0.00216708  0.00311582 -0.01445501]оценк
[-0.00912661  0.03651936  0.00547625]очен
[-0.03208025 -0.05293723  0.00794661]пакет
[-0.00688594  0.00366581 -0.03383787]папк
[-0.00785447  0.00368763  0.00714548]пар
[-0.01324682  0.01010565 -0.07371915]параметр
[-0.01266737 -0.02368066  0.0117371 ]парол
[-0.00234792  0.00038375 -0.00527862]парсинг
[-0.04031416 -0.00575533 -0.00061016]перв
[-0.00506347 -0.00712101 -0.00256762]первичн
[-0.00539641 -0.00770168  0.00127306]передава
[-0.00201497  0.00096442 -0.0091193 ]передат
[-0.00668051  0.00349575  0.00978478]пересека
[-0.03799016 -0.04940767  0.02503036]переход
[-0.00422246 -0.00789355  0.00391237]писа
[-0.00668051  0.00349575  0.00978478]план
[-0.00674551 -0.00557592 -0.01552759]планир
[-0.00422246 -0.00789355  0.00391237]платформ
[-0.00491611  0.02277861  0.01174484]плем
[-0.00117396  0.00019188 -0.00263931]повтор
[-0.00363201  0.01158118  0.00323311]повторя
[-0.02156868 -0.02667946 -0.01127184]повыс
[-0.00844491 -0.0157871   0.00782473]повышен
[-0.00245806  0.01138931  0.00587242]погиб
[-0.01336103  0.00699151  0.01956957]пода
[-0.00175245  0.00235144 -0.012141  ]подавлен
[-0.01512543 -0.01229135  0.01760952]подверга
[-0.0059749  -0.00554211 -0.00822863]подвергнут
[-0.00168203  0.00154509 -0.01295997]подготовк
[-0.0145963   0.00460238 -0.07057157]поддержива
[-0.00453802  0.00328206 -0.02855925]подключа
[-0.00505152  0.01451329 -0.01274857]подлин
[-0.00668051  0.00349575  0.00978478]подобн
[-0.01676773 -0.02094547 -0.00568252]подробн
[-0.00343448  0.00389653 -0.02510097]подсист
[-0.00168203  0.00154509 -0.01295997]подсистем
[-0.00245806  0.01138931  0.00587242]подтвержд
[-0.0294351  -0.04462612  0.00605459]подход
[-0.01229028  0.05694653  0.02936209]поезд
[-0.0433351   0.0065464   0.00179864]позвол
[-0.06909023 -0.0038277  -0.15927838]позволя
[-0.00422246 -0.00789355  0.00391237]позиционир
[-0.01605933  0.00655499 -0.07272254]поиск
[-0.01473713  0.00621508 -0.06893362]поисков
[-0.00525734  0.00705431 -0.036423  ]поисковик
[-0.00084102  0.00077255 -0.00647999]пок
[-0.00750957  0.0259026  -0.00687615]показа
[-0.00175245  0.00235144 -0.012141  ]показател
[-0.00245806  0.01138931  0.00587242]полага
[-0.00117396  0.00019188 -0.00263931]полез
[-0.00737417  0.03416792  0.01761725]полиц
[-0.00966016 -0.00227638 -0.02845593]полн
[-0.01702612 -0.00979187  0.00431891]полност
[-0.0101854   0.00819863 -0.01449721]полноцен
[-0.00844491 -0.0157871   0.00782473]положен
[-0.05862349 -0.03439743 -0.00094236]получ
[-0.01253332  0.00858238 -0.01977583]получа
[-0.04170698 -0.03024216 -0.06583805]получен
[-0.00422246 -0.00789355  0.00391237]польз
[-0.07493212 -0.03001378 -0.11393523]пользовател
[-0.00376742  0.00331586 -0.02126029]пользовательск
[-0.00422246 -0.00789355  0.00391237]пользу
[-0.00668051  0.00349575  0.00978478]помеша
[-0.00084102  0.00077255 -0.00647999]помещ
[-0.00234792  0.00038375 -0.00527862]помеща
[-0.00755154  0.01704844 -0.0233629 ]помим
[-0.00084102  0.00077255 -0.00647999]помн
[-0.0059749  -0.00554211 -0.00822863]поможет
[-0.03463487 -0.02996479 -0.00784359]помощ
[-0.00844491 -0.0157871   0.00782473]понадоб
[-0.00947979 -0.00083924 -0.03251063]понима
[-0.00783905  0.01093452 -0.05319201]пониман
[-0.0059749  -0.00554211 -0.00822863]поня
[-0.00175245  0.00235144 -0.012141  ]понят
[-0.01279082 -0.01031168 -0.02293725]понятн
[-0.00491611  0.02277861  0.01174484]попа
[-0.00201497  0.00096442 -0.0091193 ]порог
[-0.00844491 -0.0157871   0.00782473]порядк
[-0.00041463  0.00076438 -0.00231401]посвящ
[-0.03284432 -0.02145872  0.01659805]поскольк
[-0.01512543 -0.01229135  0.01760952]послед
[-0.01305809  0.02035232 -0.0109388 ]последн
[-0.01468234 -0.02271623  0.00261781]последовательн
[-0.00245806  0.01138931  0.00587242]посмотр
[-0.00668051  0.00349575  0.00978478]поставл
[-0.0603695  -0.0183891  -0.04589096]поставлен
[-0.01384133 -0.02348878  0.00909779]постро
[-0.0216958  -0.01980115  0.01624327]построен
[-0.00785447  0.00368763  0.00714548]поступа
[-0.00245806  0.01138931  0.00587242]потреб
[-0.0042105   0.01374074 -0.00626858]похож
[-0.00422246 -0.00789355  0.00391237]поч
[-0.03222168  0.05642824  0.04756541]поэт
[-0.01174399 -0.00362525  0.00721717]прав
[-0.00844491 -0.0157871   0.00782473]правил
[-0.01044793  0.00681161 -0.01147551]правильн
[-0.01511347  0.00934295  0.00742857]практическ
[-0.00539641 -0.00770168  0.00127306]предварительн
[-0.00612315 -0.00539407 -0.00937824]предел
[-0.00785447  0.00368763  0.00714548]предлог
[-0.00175245  0.00235144 -0.012141  ]предлож
[-0.01201126  0.02703875  0.01921561]предложен
[-0.01193941  0.01366971 -0.07061163]предмет
[-0.02356891  0.03245759 -0.07959869]предметн
[-0.00590449 -0.00634846 -0.0090476 ]предназнач
[-0.00623743 -0.00692913 -0.00520693]предназначен
[-0.02369379 -0.01470948 -0.0092401 ]предобработк
[-0.0059749  -0.00554211 -0.00822863]предоставля
[-0.01617226 -0.01897778 -0.0125449 ]предполага
[-0.00913857  0.01488506  0.0156572 ]предположительн
[-0.01688983 -0.03157421  0.01564947]представ
[-0.01349643 -0.00127381 -0.00492383]представл
[-0.01701328 -0.01820523 -0.01902488]представлен
[-0.03203263  0.01272188 -0.02074426]представля
[-0.00168203  0.00154509 -0.01295997]предусмотр
[-0.01334907  0.0286258   0.00938862]предыдущ
[-0.02076046  0.02188855  0.00154238]прежд
[-0.00539641 -0.00770168  0.00127306]преимуществ
[-0.01229028  0.05694653  0.02936209]прем
[-0.01806379 -0.03138233  0.01301016]преобразован
[-0.00961887 -0.01559523  0.00518542]препинан
[-0.00363201  0.01158118  0.00323311]преслед
[-0.00350489  0.00470288 -0.024282  ]претендова
[-0.00844491 -0.0157871   0.00782473]приближен
[-0.0042105   0.01374074 -0.00626858]привед
[-0.00201497  0.00096442 -0.0091193 ]приведн
[-0.0042105   0.01374074 -0.00626858]привод
[-0.00175245  0.00235144 -0.012141  ]пригод
[-0.01805183 -0.00974804  0.00282921]пригодн
[-0.0059749  -0.00554211 -0.00822863]призва
[-0.00422246 -0.00789355  0.00391237]призна
[-0.01806379 -0.03138233  0.01301016]признак
[-0.00343448  0.00389653 -0.02510097]прикладн
[-0.12701922  0.07462117 -0.30660516]приложен
[-0.00422246 -0.00789355  0.00391237]приложения
[-0.01266737 -0.02368066  0.0117371 ]примен
[-0.03518944  0.01546336 -0.03770718]применен
[-0.00567197  0.0078187  -0.038737  ]применительн
[-0.02473023  0.00335803 -0.09354888]применя
[-0.01396478 -0.01011981 -0.02557656]пример
[-0.01090297 -0.0043978   0.01369715]принадлежн
[-0.01305335 -0.0116987  -0.01991555]принима
[-0.02485579  0.00711669 -0.02206035]принцип
[-0.00491611  0.02277861  0.01174484]приня
[-0.00434591  0.00547542 -0.03076198]принят
[-0.0042105   0.01374074 -0.00626858]приход
[-0.00913857  0.01488506  0.0156572 ]причин
[-0.00844491 -0.0157871   0.00782473]пробл
[-0.00700978  0.00940575 -0.04856399]проблем
[-0.00859316 -0.01563906  0.00667512]провед
[-0.01325089 -0.00401405  0.00841853]проведен
[-0.00422246 -0.00789355  0.00391237]провер
[-0.0190163   0.00439348 -0.03832513]проверк
[-0.00259346  0.00312398 -0.01862098]провест
[-0.00666856  0.02513005 -0.00039616]провод
[-0.08459751  0.03743755 -0.1401998 ]программ
[-0.01266737 -0.02368066  0.0117371 ]программирован
[-0.02682562 -0.01199611 -0.06764306]программн
[-0.00422246 -0.00789355  0.00391237]продела
[-0.00259346  0.00312398 -0.01862098]продемонстрирова
[-0.01625145  0.00436163 -0.07051981]продукт
[-0.01555868  0.00373713 -0.06518944]проект
[-0.00084102  0.00077255 -0.00647999]проектируем
[-0.00175245  0.00235144 -0.012141  ]произвед
[-0.00961887 -0.01559523  0.00518542]произведен
[-0.03111849 -0.01908331 -0.06291172]производ
[-0.00491611  0.02277861  0.01174484]произошл
[-0.03927928 -0.02070319  0.0397252 ]происход
[-0.01524888  0.00107762 -0.01706483]промежуточн
[-0.041507   -0.06633909  0.01092931]прост
[-0.06412177 -0.01594992  0.06349024]пространств
[-0.00737417  0.03416792  0.01761725]прот
[-0.0059749  -0.00554211 -0.00822863]процедур
[-0.04679842 -0.02640774 -0.05622164]процесс
[-0.00539641 -0.00770168  0.00127306]проч
[-0.00422246 -0.00789355  0.00391237]прощ
[-0.01380546  0.04141411 -0.02144505]прям
[-0.01388241  0.01070814 -0.03657648]пут
[-0.0059749  -0.00554211 -0.00822863]путм
[-0.14689247 -0.03539964 -0.22824042]работ
[-0.00511651  0.00544162 -0.03806094]работа
[-0.01934788 -0.0201849   0.02152189]равн
[-0.00422246 -0.00789355  0.00391237]разб
[-0.00506347 -0.00712101 -0.00256762]разбива
[-0.00844491 -0.0157871   0.00782473]разбиен
[-0.00216708  0.00311582 -0.01445501]разбит
[-0.02026067  0.00539171 -0.04014546]раздел
[-0.00491611  0.02277861  0.01174484]разделен
[-0.00422246 -0.00789355  0.00391237]различ
[-0.02457677 -0.02279109 -0.03220683]различн
[-0.00422246 -0.00789355  0.00391237]разлож
[-0.09111212 -0.06960193  0.01784702]разложен
[-0.02357034 -0.02807845  0.02543425]размер
[-0.0295572  -0.05525486  0.02738657]размерн
[-0.01277058  0.02646624  0.01889031]разн
[-0.00216708  0.00311582 -0.01445501]разновидн
[-0.01061199 -0.01267128 -0.00663027]разнообразн
[-0.00596295  0.01609218 -0.01840958]разобра
[-0.0059749  -0.00554211 -0.00822863]разрабатыва
[-0.00750957  0.0259026  -0.00687615]разработа
[-0.08026932 -0.11266093 -0.01531271]разработк
[-0.00491611  0.02277861  0.01174484]разреж
[-0.00245806  0.01138931  0.00587242]разрешим
[-0.00175245  0.00235144 -0.012141  ]разумеет
[-0.01907475  0.02683413 -0.0476871 ]рамк
[-0.00533074  0.023543    0.00943083]ран
[-0.00844491 -0.0157871   0.00782473]ранг
[-0.00175245  0.00235144 -0.012141  ]распозна
[-0.00175245  0.00235144 -0.012141  ]распознава
[-0.01030906  0.00068953 -0.03713864]распознаван
[-0.02880302  0.10599951  0.06263654]располож
[-0.01629938 -0.01209947  0.01497021]распоряжен
[-0.01266737 -0.02368066  0.0117371 ]распределен
[-0.00714886 -0.00535024 -0.01086794]рассказа
[-0.02521767 -0.01922552  0.00832534]расстоян
[-0.0059749  -0.00554211 -0.00822863]растт
[-0.00539641 -0.00770168  0.00127306]расчт
[-0.0029264   0.00254331 -0.01478031]расширя
[-0.01074828  0.00911105 -0.01796083]реализ
[-0.04727629 -0.08530031  0.03840802]реализац
[-0.01512543 -0.01229135  0.01760952]реализова
[-0.00772735 -0.00319068 -0.02036963]реальн
[-0.00422246 -0.00789355  0.00391237]регулярн
[-0.00491611  0.02277861  0.01174484]резк
[-0.0686576  0.0585245  0.0399099]результат
[-0.00668051  0.00349575  0.00978478]результир
[-0.00350489  0.00470288 -0.024282  ]рекомендательн
[-0.00700978  0.00940575 -0.04856399]релевантн
[-0.00983222  0.04555722  0.02348967]рельс
[-0.00772735 -0.00319068 -0.02036963]ресурс
[-0.02406427  0.06610142  0.00991156]реч
[-0.01947133 -0.00681593 -0.01315246]реш
[-0.01557815  0.00698762 -0.07541361]реша
[-0.02998167  0.00658427 -0.08693404]решен
[-0.00960692  0.00603907 -0.00499552]рис
[-0.00329907  0.01216185 -0.00060757]рисунк
[-0.00084102  0.00077255 -0.00647999]рисунок
[-0.00422246 -0.00789355  0.00391237]ровн
[-0.008421    0.02748149 -0.01253716]род
[-0.01019736 -0.01343567 -0.00431626]рол
[-0.00245806  0.01138931  0.00587242]росс
[-0.0042105   0.01374074 -0.00626858]российск
[-0.00175245  0.00235144 -0.012141  ]рост
[-0.00084102  0.00077255 -0.00647999]руководств
[-0.02980777 -0.03500758  0.02022733]русск
[-0.00836255  0.00504085 -0.00317519]ряд
[-0.00422246 -0.00789355  0.00391237]с0
[-0.02000942  0.00731743 -0.05014082]сам
[-0.00928593 -0.01501456  0.00134475]самостоятельн
[-0.0059749  -0.00554211 -0.00822863]сво
[-0.00657037 -0.0075098  -0.00136625]свойств
[-0.05598174  0.0503107  -0.02816686]связ
[-0.02127328  0.05529278  0.00019846]связа
[-0.01103838 -0.01266312 -0.01079625]сдела
[-0.00700978  0.00940575 -0.04856399]семантик
[-0.08441863  0.04041524 -0.09911051]семантическ
[-0.00350489  0.00470288 -0.024282  ]сервис
[-0.00575713  0.02355116  0.00526485]серьзн
[-0.00546635 -0.0056004  -0.00302966]сет
[-0.00084102  0.00077255 -0.00647999]сигна
[-0.02298818 -0.02374735 -0.02725351]сил
[-0.02848645 -0.00529984  0.03717909]сильн
[-0.013082   -0.02291627  0.00942309]символ
[-0.00422246 -0.00789355  0.00391237]син
[-0.12066932 -0.12485679  0.04523359]сингулярн
[-0.00300809  0.00388837 -0.02093499]сист
[-0.04834272  0.04801818 -0.16700161]систем
[-0.00668051  0.00349575  0.00978478]сказа
[-0.00844491 -0.0157871   0.00782473]скользя
[-0.00668051  0.00349575  0.00978478]скор
[-0.01266737 -0.02368066  0.0117371 ]скорост
[-0.0095668   0.00346889 -0.03527582]скрипт
[-0.03597606 -0.02507945 -0.02697837]скрыт
[-0.00714886 -0.00535024 -0.01086794]слаб
[-0.0460952  -0.02547276  0.02501659]след
[-0.01596644 -0.0115188   0.01112953]следовательн
[-0.0042105   0.01374074 -0.00626858]следств
[-0.00422246 -0.00789355  0.00391237]следу
[-0.01934788 -0.0201849   0.02152189]слишк
[-0.00844491 -0.0157871   0.00782473]сло
[-0.18838342 -0.01894202 -0.01053057]слов
[-0.00774433 -0.00731792 -0.00400556]словар
[-0.00422246 -0.00789355  0.00391237]словообраз
[-0.01733426  0.00284839 -0.02536515]сложн
[-0.00506347 -0.00712101 -0.00256762]сложност
[-0.01255655 -0.01251321 -0.01656854]служ
[-0.04245184  0.09233312  0.04958338]случа
[-0.01090297 -0.0043978   0.01369715]случайн
[-0.01206497  0.01742837  0.00087689]смежн
[-0.0119498  -0.01108423 -0.01645726]сможет
[-0.02870985  0.02295055 -0.02846567]смысл
[-0.02133895  0.02404811 -0.00795931]смыслов
[-0.00539641 -0.00770168  0.00127306]снача
[-0.01688983 -0.03157421  0.01564947]снижен
[-0.00491611  0.02277861  0.01174484]событ
[-0.00422246 -0.00789355  0.00391237]совершен
[-0.00612315 -0.00539407 -0.00937824]совершенствован
[-0.00350489  0.00470288 -0.024282  ]совместн
[-0.00216708  0.00311582 -0.01445501]современ
[-0.00117396  0.00019188 -0.00263931]согласн
[-0.01570894  0.00737526  0.01429095]содерж
[-0.0234602  -0.03908401  0.01428322]содержа
[-0.01130565  0.01800088  0.0012022 ]содержан
[-0.0059749  -0.00554211 -0.00822863]содержим
[-0.00627139 -0.00524603 -0.01052785]созда
[-0.00350489  0.00470288 -0.024282  ]создава
[-0.01775699 -0.02002488 -0.01331211]создан
[-0.00201497  0.00096442 -0.0091193 ]создат
[-0.01687787 -0.00993991  0.00546852]сократ
[-0.00422246 -0.00789355  0.00391237]сокращ
[-0.00363201  0.01158118  0.00323311]сокращен
[-0.00737417  0.03416792  0.01761725]сообща
[-0.0571764   0.01242972 -0.06751204]соответств
[-0.01512543 -0.01229135  0.01760952]соответствен
[-0.0059749  -0.00554211 -0.00822863]соответствова
[-0.00259346  0.00312398 -0.01862098]сопоставлен
[-0.00168203  0.00154509 -0.01295997]сопутств
[-0.01266737 -0.02368066  0.0117371 ]сосед
[-0.01090297 -0.0043978   0.01369715]соста
[-0.01019736 -0.01343567 -0.00431626]составля
[-0.02180594 -0.0087956   0.0273943 ]состо
[-0.00234792  0.00038375 -0.00527862]сочетан
[-0.00785447  0.00368763  0.00714548]союз
[-0.01266737 -0.02368066  0.0117371 ]специализирова
[-0.0029264   0.00254331 -0.01478031]специальн
[-0.008421    0.02748149 -0.01253716]специфик
[-0.00623743 -0.00692913 -0.00520693]специфическ
[-0.01163385 -0.01463081 -0.00393387]списк
[-0.01915538 -0.01036251 -0.00062907]список
[-0.00961887 -0.01559523  0.00518542]способ
[-0.00825715  0.02608631 -0.00534948]способн
[-0.00668051  0.00349575  0.00978478]справля
[-0.00422246 -0.00789355  0.00391237]сравн
[-0.00844491 -0.0157871   0.00782473]сравнен
[-0.00668051  0.00349575  0.00978478]сраз
[-0.0337677  -0.04151412  0.02111799]сред
[-0.03274613 -0.05409857  0.01562797]средств
[-0.00772735 -0.00319068 -0.02036963]став
[-0.0042105   0.01374074 -0.00626858]стал
[-0.00168203  0.00154509 -0.01295997]стандартн
[-0.00422246 -0.00789355  0.00391237]станет
[-0.00175245  0.00235144 -0.012141  ]стат
[-0.01019736 -0.01343567 -0.00431626]статистическ
[-0.00844491 -0.0157871   0.00782473]стеммер
[-0.02708719 -0.04500987  0.0113332 ]стемминг
[-0.00814198 -0.00242629 -0.02268364]степен
[-0.00463709 -0.00712917  0.00159836]сто
[-0.01266737 -0.02368066  0.0117371 ]столбц
[-0.00245806  0.01138931  0.00587242]стоп
[-0.00682876  0.00364379  0.00863517]стопроцентн
[-0.00410036  0.00273519 -0.01741962]стопсимвол
[-0.00774433 -0.00731792 -0.00400556]стопсл
[-0.01206497  0.01742837  0.00087689]стопслов
[-0.00666856  0.02513005 -0.00039616]стран
[-0.00084102  0.00077255 -0.00647999]стро
[-0.02502014 -0.02691017 -0.02000874]строк
[-0.01727581 -0.01959225 -0.01600318]структур
[-0.00350489  0.00470288 -0.024282  ]субъективн
[-0.00737417  0.03416792  0.01761725]суд
[-0.0059749  -0.00554211 -0.00822863]сут
[-0.01688983 -0.03157421  0.01564947]суффикс
[-0.01864227 -0.02922277  0.00350847]существ
[-0.00844491 -0.0157871   0.00782473]существен
[-0.00539641 -0.00770168  0.00127306]существительн
[-0.00350489  0.00470288 -0.024282  ]сфер
[-0.00463709 -0.00712917  0.00159836]сформулирова
[-0.00252305  0.00231764 -0.01943996]схем
[-0.00737417  0.03416792  0.01761725]схожден
[-0.00168203  0.00154509 -0.01295997]сценар
[-0.03728957 -0.04093849  0.01320006]счита
[-0.00422246 -0.00789355  0.00391237]считыва
[-0.00505152  0.01451329 -0.01274857]счт
[-0.00737417  0.03416792  0.01761725]сша
[-0.01103145  0.02647822 -0.01479408]таблиц
[-0.00175245  0.00235144 -0.012141  ]так
[-0.06084884 -0.02209001 -0.03267466]такж
[-0.01981623 -0.02903089  0.00086916]таков
[-0.01307005 -0.00128198 -0.00075785]тд
[-0.25875435  0.19999967  0.07636365]текст
[-0.00175245  0.00235144 -0.012141  ]текста
[-0.00668051  0.00349575  0.00978478]текстап
[-0.02641573  0.01929053 -0.05635231]текстов
[-0.00997959  0.01565761  0.00917722]текущ
[-0.00287269  0.01215369  0.00355841]тел
[-0.05178022  0.04297996  0.00563161]тем
[-0.05574794  0.04681425 -0.01667646]тематик
[-0.02810936  0.07532734  0.05480408]тематическ
[-0.00041463  0.00076438 -0.00231401]теор
[-0.27346318  0.14729913  0.24455936]терм
[-0.01102662 -0.0119069  -0.00894428]термин
[-0.03025085 -0.0245827   0.03521904]термынадокумент
[-0.00668051  0.00349575  0.00978478]тест
[-0.01079283 -0.01540335  0.00254612]техническ
[-0.00245806  0.01138931  0.00587242]тиф
[-0.01512543 -0.01229135  0.01760952]точек
[-0.01159663  0.02627437  0.02152962]точк
[-0.00844491 -0.0157871   0.00782473]точн
[-0.01688983 -0.03157421  0.01564947]точност
[-0.01102642  0.00897118 -0.0209772 ]тп
[-0.02371077 -0.01883673  0.00712397]треб
[-0.016347   -0.00941486 -0.04665446]требован
[-0.00668051  0.00349575  0.00978478]трет
[-0.00422246 -0.00789355  0.00391237]трх
[-0.00844491 -0.0157871   0.00782473]трхмерн
[-0.01090297 -0.0043978   0.01369715]тысяч
[-0.00422246 -0.00789355  0.00391237]убыва
[-0.00844491 -0.0157871   0.00782473]убыван
[-0.00234792  0.00038375 -0.00527862]увелич
[-0.00245806  0.01138931  0.00587242]увид
[-0.00668051  0.00349575  0.00978478]уда
[-0.01266737 -0.02368066  0.0117371 ]удал
[-0.01090297 -0.0043978   0.01369715]удален
[-0.01045989 -0.01482268 -0.00129456]удаля
[-0.00216708  0.00311582 -0.01445501]уделя
[-0.0128078  -0.01443893 -0.00657318]указа
[-0.00084102  0.00077255 -0.00647999]указыв
[-0.01588408  0.00930915  0.00012961]указыва
[-0.01229028  0.05694653  0.02936209]украин
[-0.00245806  0.01138931  0.00587242]улучш
[-0.0042105   0.01374074 -0.00626858]улучшен
[-0.00843296  0.00584719 -0.00235621]уместн
[-0.00772735 -0.00319068 -0.02036963]уникальн
[-0.00737417  0.03416792  0.01761725]упомина
[-0.00422246 -0.00789355  0.00391237]упорядоч
[-0.00350489  0.00470288 -0.024282  ]уровн
[-0.00245806  0.01138931  0.00587242]ускор
[-0.00844491 -0.0157871   0.00782473]услов
[-0.0043707  -0.00774551  0.00276276]усовершенствован
[-0.0059749  -0.00554211 -0.00822863]успешн
[-0.00752153  0.0042683   0.0033048 ]установ
[-0.00506347 -0.00712101 -0.00256762]установк
[-0.00168203  0.00154509 -0.01295997]устройств
[-0.00491611  0.02277861  0.01174484]утвержда
[-0.00245806  0.01138931  0.00587242]утр
[-0.00491611  0.02277861  0.01174484]уч
[-0.03507667 -0.04195853 -0.02596295]файл
[-0.00668051  0.00349575  0.00978478]фактор
[-0.00175245  0.00235144 -0.012141  ]фиксир
[-0.01441982 -0.02132922 -0.0004039 ]форм
[-0.00168203  0.00154509 -0.01295997]формат
[-0.01174399 -0.00362525  0.00721717]формир
[-0.00234792  0.00038375 -0.00527862]формирован
[-0.00844491 -0.0157871   0.00782473]формул
[-0.01441982 -0.02132922 -0.0004039 ]фрагмент
[-0.00216708  0.00311582 -0.01445501]фраз
[-0.00506347 -0.00712101 -0.00256762]функциона
[-0.00168203  0.00154509 -0.01295997]функциональн
[-0.00175245  0.00235144 -0.012141  ]функционир
[-0.00765694 -0.00399702 -0.0211886 ]функционирован
[-0.00844491 -0.0157871   0.00782473]фур
[-0.00506347 -0.00712101 -0.00256762]характер
[-0.00363201  0.01158118  0.00323311]характерн
[-0.01396478 -0.01011981 -0.02557656]ход
[-0.0059749  -0.00554211 -0.00822863]хорош
[-0.02354643  0.01519014  0.00507236]хот
[-0.0029264   0.00254331 -0.01478031]хран
[-0.00175245  0.00235144 -0.012141  ]хранилищ
[-0.0624136   0.03840654 -0.11086547]цел
[-0.00245806  0.01138931  0.00587242]центр
[-0.00491611  0.02277861  0.01174484]церемон
[-0.03716999  0.02079463  0.02766363]част
[-0.01618924 -0.02310503  0.00381917]частот
[-0.02430122 -0.03831146  0.00780323]частотн
[-0.00350489  0.00470288 -0.024282  ]человек
[-0.00844491 -0.0157871   0.00782473]четыр
[-0.02227429 -0.01764159  0.00674158]числ
[-0.0042105   0.01374074 -0.00626858]чм
[-0.00844491 -0.0157871   0.00782473]шаг
[-0.00245806  0.01138931  0.00587242]шедш
[-0.00596295  0.01609218 -0.01840958]широк
[-0.01266737 -0.02368066  0.0117371 ]шифр
[-0.00422246 -0.00789355  0.00391237]шифрова
[-0.04174562 -0.02445752 -0.00641089]шифрован
[-0.02286473 -0.03711632  0.00742084]шум
[-0.00117396  0.00019188 -0.00263931]ь
[-0.00539641 -0.00770168  0.00127306]экземпляр
[-0.00084102  0.00077255 -0.00647999]экра
[-0.01558935  0.06910838  0.02875452]эксперимент
[-0.02052184 -0.01999303  0.01888258]элемент
[-0.00668051  0.00349575  0.00978478]эмпирическ
[-0.00245806  0.01138931  0.00587242]эпид
[-0.05426563 -0.01823855  0.01963867]этап
[-0.05275752 -0.00756389  0.00384575]эффективн
[-0.00478533 -0.00698113  0.00044875]явля
[-0.00287269  0.01215369  0.00355841]ядр
[-0.10456898 -0.15409203  0.03646394]язык
[-0.00422246 -0.00789355  0.00391237]ясн
Координаты документов
[-0.0767027   0.05421381 -0.14552985]Doc#1
[-0.32418451  0.16677554 -0.76355739]Doc#2
[-0.15557947  0.05479274 -0.40753164]Doc#3
[-0.78111147 -0.55984954  0.24605199]Doc#4
[-0.21717021  0.0136088  -0.16598835]Doc#5
[-0.45471533  0.80778561  0.36932118]Doc#6
[-0.0274239   0.01049979 -0.07229996]Doc#7
{'сингулярн', 'текст', 'групп', 'терм', 'значен', 'использован', 'семантическ', 'алгоритм', 'набор', 'приложен', 'матриц',
 'задач', 'цел', 'систем', 'работ', 'реша', 'поисков', 'дан', 'документ', 'област', 'продукт', 'поиск', 'программ', 'анализ'}