Матрица термы-на-документы
[[1, 1, 0, 0, 0, 0, 0, 0, 0], '20']
[[0, 1, 0, 0, 0, 0, 0, 0, 0], 'xv']
[[0, 1, 1, 0, 0, 0, 0, 0, 0], 'америк']
[[1, 0, 1, 0, 1, 0, 0, 0, 0], 'ацтек']
[[1, 0, 0, 0, 0, 1, 0, 0, 1], 'ацтекск']
[[0, 0, 0, 0, 0, 0, 2, 0, 0], 'бактер']
[[0, 0, 1, 1, 0, 3, 1, 0, 1], 'болезн']
[[0, 0, 0, 0, 0, 1, 0, 0, 1], 'брюшн']
[[0, 1, 1, 0, 0, 0, 0, 1, 0], 'век']
[[1, 1, 0, 0, 0, 0, 0, 0, 0], 'говор']
[[0, 0, 2, 1, 0, 0, 0, 0, 0], 'год']
[[0, 0, 0, 0, 0, 0, 2, 0, 0], 'днк']
[[0, 0, 0, 0, 0, 0, 0, 0, 1], 'европ']
[[0, 1, 1, 1, 0, 0, 1, 0, 0], 'европейск']
[[0, 0, 1, 0, 0, 1, 0, 1, 0], 'жител']
[[1, 0, 0, 0, 1, 0, 0, 0, 0], 'завоеван']
[[1, 0, 0, 0, 0, 0, 0, 0, 1], 'изз']
[[0, 0, 0, 1, 0, 0, 1, 0, 0], 'изуч']
[[0, 0, 1, 0, 1, 1, 0, 0, 1], 'импер']
[[0, 0, 0, 0, 0, 0, 0, 1, 0], 'инд']
[[1, 2, 0, 1, 0, 0, 0, 1, 1], 'индейц']
[[0, 0, 1, 0, 0, 0, 0, 1, 1], 'инфекц']
[[0, 0, 1, 0, 1, 0, 0, 0, 0], 'испанц']
[[0, 1, 0, 1, 0, 0, 0, 0, 0], 'истор']
[[1, 0, 0, 0, 1, 0, 0, 0, 0], 'исчезл']
[[0, 0, 0, 0, 0, 1, 0, 0, 1], 'коклицтл']
[[0, 0, 0, 1, 0, 0, 1, 0, 0], 'коллег']
[[0, 1, 0, 0, 0, 0, 0, 1, 0], 'колумб']
[[1, 1, 1, 0, 0, 0, 0, 0, 0], 'конкистадор']
[[1, 0, 0, 0, 0, 0, 0, 1, 0], 'кортес']
[[0, 0, 0, 1, 0, 0, 1, 0, 0], 'крауз']
[[0, 0, 0, 1, 2, 0, 0, 0, 0], 'культур']
[[1, 0, 0, 0, 1, 0, 0, 0, 0], 'лет']
[[0, 0, 0, 0, 0, 0, 0, 1, 1], 'летальн']
[[0, 0, 0, 1, 0, 0, 0, 1, 0], 'люд']
[[1, 0, 0, 1, 1, 0, 0, 0, 1], 'мексик']
[[0, 0, 0, 0, 0, 1, 0, 0, 0], 'местн']
[[0, 0, 0, 0, 2, 1, 1, 0, 0], 'миштек']
[[0, 0, 2, 0, 0, 0, 0, 0, 0], 'населен']
[[0, 0, 1, 0, 0, 1, 0, 0, 0], 'начин']
[[0, 1, 0, 1, 0, 0, 0, 0, 0], 'нов']
[[0, 1, 0, 0, 0, 0, 0, 0, 0], 'оста']
[[0, 0, 0, 1, 0, 0, 1, 0, 0], 'останк']
[[0, 0, 1, 0, 0, 0, 0, 0, 0], 'пер']
[[0, 0, 0, 0, 2, 1, 0, 0, 1], 'плем']
[[0, 0, 0, 0, 0, 1, 0, 1, 0], 'погуб']
[[0, 1, 0, 1, 0, 0, 0, 0, 0], 'популяц']
[[0, 0, 1, 0, 0, 0, 0, 1, 0], 'примерн']
[[0, 1, 0, 0, 0, 0, 0, 0, 1], 'проникновен']
[[0, 0, 0, 0, 0, 0, 0, 1, 0], 'путешеств']
[[0, 0, 0, 0, 1, 0, 0, 0, 1], 'развит']
[[1, 0, 0, 0, 0, 0, 1, 1, 1], 'сальмонелл']
[[0, 1, 0, 1, 0, 0, 0, 0, 0], 'свет']
[[0, 0, 0, 0, 1, 0, 0, 0, 0], 'селен']
[[0, 0, 0, 0, 0, 1, 0, 0, 1], 'тиф']
[[1, 0, 0, 0, 0, 0, 0, 0, 0], 'уб']
[[0, 0, 0, 0, 0, 1, 0, 0, 0], 'упомина']
[[0, 1, 0, 0, 0, 1, 1, 0, 1], 'учен']
[[0, 0, 0, 0, 0, 1, 0, 0, 0], 'част']
[[1, 0, 0, 0, 0, 1, 1, 0, 0], 'эпидем']
Координаты термов
[-0.08000309 -0.15984872  0.12198611]20
[-0.04209529 -0.13061058  0.02012825]xv
[-0.09313941 -0.1642719  -0.04163266]америк
[-0.13441869  0.00885186  0.19425215]ацтек
[-0.1687706   0.10144481  0.0311749 ]ацтекск
[-0.08423698  0.00877207 -0.12682068]бактер
[-0.41005403  0.23909241 -0.38125324]болезн
[-0.13086279  0.13068294 -0.07068296]брюшн
[-0.1218869 -0.2126939 -0.0492169]век
[-0.08000309 -0.15984872  0.12198611]говор
[-0.14540651 -0.12943367 -0.13346193]год
[-0.08423698  0.00877207 -0.12682068]днк
[-0.05950762  0.03078506  0.0170465 ]европ
[-0.17857617 -0.22199689 -0.11498311]европейск
[-0.15114679  0.01781457 -0.15707461]жител
[-0.08337457  0.04251317  0.25601306]завоеван
[-0.09741542  0.00154692  0.11890436]изз
[-0.08543676 -0.05772499 -0.07335045]изуч
[-0.22737368  0.16877294  0.02171133]импер
[-0.02874749 -0.048422   -0.00758424]инд
[-0.25367177 -0.37020727  0.1416365 ]индейц
[-0.13929923 -0.05129826 -0.05229865]инфекц
[-0.09651088  0.03808999  0.09239429]испанц
[-0.08541356 -0.19272161  0.01018814]истор
[-0.08337457  0.04251317  0.25601306]исчезл
[-0.13086279  0.13068294 -0.07068296]коклицтл
[-0.08543676 -0.05772499 -0.07335045]коллег
[-0.07084278 -0.17903258  0.012544  ]колумб
[-0.13104722 -0.19351004  0.0602252 ]конкистадор
[-0.0666553  -0.07766014  0.09427362]кортес
[-0.08543676 -0.05772499 -0.07335045]крауз
[-0.13425179  0.0813916   0.29837029]культур
[-0.08337457  0.04251317  0.25601306]лет
[-0.08825511 -0.01763694  0.00946226]летальн
[-0.07206576 -0.11053303 -0.01752435]люд
[-0.18620045  0.0111872   0.26311945]мексик
[-0.07135518  0.09989789 -0.08772946]местн
[-0.20440719  0.24778655  0.1571706 ]миштек
[-0.10208824 -0.06732264 -0.12352182]населен
[-0.1223993   0.06623657 -0.14949037]начин
[-0.08541356 -0.19272161  0.01018814]нов
[-0.04209529 -0.13061058  0.02012825]оста
[-0.08543676 -0.05772499 -0.07335045]останк
[-0.05104412 -0.03366132 -0.06176091]пер
[-0.22179632  0.27418557  0.23762744]плем
[-0.10010267  0.05147589 -0.0953137 ]погуб
[-0.08541356 -0.19272161  0.01018814]популяц
[-0.07979161 -0.08208332 -0.06934515]примерн
[-0.10160291 -0.09982552  0.03717475]проникновен
[-0.02874749 -0.048422   -0.00758424]путешеств
[-0.10497438  0.10253637  0.1712017 ]развит
[-0.16828141 -0.04248904  0.04790978]сальмонелл
[-0.08541356 -0.19272161  0.01018814]свет
[-0.04546676  0.07175131  0.1541552 ]селен
[-0.13086279  0.13068294 -0.07068296]тиф
[-0.0379078  -0.02923814  0.10185786]уб
[-0.07135518  0.09989789 -0.08772946]упомина
[-0.21507658  0.0044584  -0.11396505]учен
[-0.07135518  0.09989789 -0.08772946]част
[-0.15138147  0.07504578 -0.04928194]эпидем
Координаты документов
[-0.26164279 -0.1437943   0.45315995]Doc#1
[-0.29054515 -0.64234791  0.08954944]Doc#2
[-0.35231072 -0.16554767 -0.27477084]Doc#3
[-0.29898627 -0.30546445 -0.044223  ]Doc#4
[-0.31381532  0.35287575  0.68582789]Doc#5
[-0.49249929  0.49130168 -0.39030347]Doc#6
[-0.29070529  0.0215707  -0.28210906]Doc#7
[-0.19841756 -0.23814126 -0.03374187]Doc#8
[-0.41072647  0.15140211  0.07583893]Doc#9
{'начин', 'истор', 'год', 'брюшн', 'болезн', 'америк', 'миштек', 'культур', 'мексик', 'ацтекск', 'конкистадор', 'импер', 'коклицтл', 'исчезл', 'лет', 'учен', 'индейц', 'жител', 'плем', 'завоеван', 'бактер', 'эпидем', 'тиф', 'век', 'европейск', 'населен'}